3845.5817490000045
3361.523199999996
3043.393683000002
3090.3241550000384
3254.8800099999644
2871.8358390000067
2555.645196000056
2664.05546699994
2863.024069999985
2635.736672000028
2310.385731999995
2615.1394370000344
2433.3429729999625
3011.2370699999738
3158.2450050000334
3034.678580000007
2987.956455000036
3187.4140879999613
3196.993507999985
3310.0559389999835
3511.25337900006
3240.357044000004
3560.69607299997
4245.185013000038
4254.775807999948
3218.004907000053
3205.1345099999453
3452.0372199999983
3412.8019070000155
3656.1441789999953
3469.9071450000047
3308.739218999981
3906.0324220000184
3796.9538750000065
3472.6209779999917
3400.3518879999756
3963.102131999971
3054.9008669999894
3048.064705000026
2837.7830829999875
3298.25007300009
3256.0142859999323
3004.0772659999784
3480.976487000007
4428.3518070001155
2932.8041619999567
3171.3423239999684
3238.892002999899
3081.323571000132
2973.784984000027
3874.6184139999095
3149.0750790000893
3336.0384889999405
3922.404550999985
3869.4948419999564
3604.108336000121
3288.5527929998934
3491.576992000104
3057.292472999892
3293.193906000117
3192.8126429999247
3204.763726999983
3311.2771590000484
3793.4021139999386
3232.658674000064
4596.433411999955
3444.8436280000024
4042.43206199992
3610.951676000026
3294.4939610001165
3343.436769999913
3624.1438640000997
3625.2421859999886
3549.129072999931
3519.9908660000656
3584.785993999918
3394.233989999979
3165.431768000126
3199.7927419999614
3291.921338999993
3913.304408999975
3644.6605820000404
3782.9691449998645
3401.5425570001826
3403.882517999853
3840.983588000061
3437.3635149999755
4093.89460400003
3790.2494939999888
3150.911778999958
3274.561548000085
4433.99794000003
3812.166487999959
3068.3032090000343
3015.465113999904
3057.5491280000424
3496.9580979999155
3060.302835999988
3176.007952000131
3239.475627999869
3321.9434750000946
3195.4577459999127
3565.423907000106
3438.2276980000315
3865.6932189998915
3419.083478000015
3448.022648000042
3400.7644549999386
4046.399416
3335.29262000008
3278.051892999909
3157.840245999978
3381.34509800002
3059.1571810000023
2573.407407999999
3441.055182
3117.358707999996
3233.7082110000047
2831.982250000001
3380.972775000002
3875.261093000001
3484.0739079999985
4008.733030999996
3802.3113109999977
3618.107919000002
3657.9982539999983
3797.1740880000143
3683.8780960000004
3215.680278999993
3487.1773859999957
3593.5373589999945
3779.4885850000137
3582.886111
3616.5078619999986
3433.31352299999
3984.8196590000007
3675.0461550000036
3431.2720830000035
3416.784528999997
3614.306011000008
3201.3699009999837
3402.3544020000118
3978.488870999994
3471.6607970000186
3239.052246999985
3310.5165620000043
3563.341895999998
3555.8380349999934
3305.731448000006
3469.1242909999855
3292.830390999996
3118.8445510000165
4371.785865000013
9257.367434999993
3072.3646149999986
3892.208983999997
4266.298142999993
3269.7967940000017
2799.3897660000075
2712.1644919999962
2710.123464999997
3145.554701000001
2847.514559999996
4627.911484000004
4118.891013
4509.190039000001
3748.863028000007
3361.318189999991
3417.320949000001
4155.996675999995
3571.5649050000065
3497.6560279999976
3209.624303999997
4604.849718000012
3610.095535999979
3437.5932310000208
3229.9871169999824
3520.6595890000026
3687.715387000004
3609.5599650000077
3513.4982959999907
3512.1512470000016
3559.9319030000042
3210.194469000009
3534.7343809999875
3903.7417260000075
3628.116722000006
3274.313648999989
3318.845887000003
3502.0157079999917
3592.8021519999893
3130.611524000007
3669.216938000027
3105.396394999989
3363.6264989999763
3418.4837170000246
3442.6668549999886
3805.0096410000115
3143.994903999992
3276.4820139999792
3586.78756300002
3275.4978570000094
3384.741891999991
3486.703794000001
3695.2576149999804
3448.0757490000397
3371.599043999973
3495.2872989999887
3370.082531000022
3694.538766999991
3373.7736129999976
3679.304476999998
3499.0002070000046
3057.07990099999
3245.835978999996
3600.903333000024
3304.607801999984
3437.3088149999967
3877.2346140000154
3192.899562000006
3480.2054979999666
315042.8748750001
3628.9758719998645
3367.193285000045
4367.603988000075
4420.349671999924
4084.0632430000696
4662.7957749998895
4729.402744000079
4405.84134699998
4581.924725999939
4327.749025000026
3428.4701130000176
3482.8555230000056
3274.188274000073
3323.8016259999713
3182.7471599999117
3386.787881000084
3291.583305999986
4110.06897100003
3181.166449000011
3044.3006869999226
3399.5672870000126
3157.13940799993
3211.4015820000786
3647.5128450000193
3223.4227699999465
3328.377830000012
3364.5485970000736
3299.6393139999127
3308.3354670000263
3994.9088020001072
3872.651491999859
3912.534737000009
3647.8892449999694
3760.334782000049
3905.6699060000246
3488.9896289999597
4195.499903000076
3471.781661999994
3127.4533860000083
4369.409971999936
4040.0582360000117
3454.800716000027
3185.550654999912
3068.038715000148
3147.8233079998754
3862.5176389999688
3567.4058870001463
2947.9904449998867
3060.2202459999826
3240.9076260001166
3599.3000839999877
3177.1203549999045
3235.4624660001136
3829.9886549998773
3538.3122690001037
3046.1170349998865
4252.193223000038
3301.1773939999985
3180.6257230000338
3420.264901000075
3655.3676999999443
7881.143955999985
3977.355069000041
3148.8724319998873
4189.477839000057
3021.913644999964
3196.1193340000464
3212.6343720000004
3277.016393000027
3080.1280749998987
3334.4800100000575
3568.0831910000416
3789.9064419999486
4081.2397069999715
4583.298930000048
3183.4945199999493
3700.8701090000104
2907.1199380001053
2866.0126239999663
3164.929975999985
3155.3931390000507
3927.1988819999387
3103.028537999955
3132.098804999958
3930.668838000158
3863.8179429998854
2909.0877120000077
3690.3872680000495
3286.602829999989
3104.506349000032
3398.7771070000017
3023.9118669999298
3241.5549070000416
3273.736390999984
3760.9896149999695
3232.773554000072
3079.007786000031
4037.1200549999485
3035.070454999921
4609.467795000062
3279.225321999984
3018.3871450000443
3075.1105979999993
3479.295434999978
3498.661715999944
3938.318430000014
3635.858099999983
3533.091360999999
3311.941169000027
2956.6727200000023
3142.270099999965
2844.604248000018
2933.5028389999934
2858.5381039999775
3935.536148000014
2534.6779660000175
1377.346882999991
2010.1061920000066
1313.9805209999904
2095.3924939999997
1578.8016990000033
1874.7670050000015
3656.816010999959
4004.66316200007
5327.419162999955
3483.0121880000224
3921.4659829999437
4515.736951000057
3023.7569619999267
2981.9487750000553
4083.1201929999515
4036.8210220000474
4186.923858999973
3528.8477659999626
3751.9333460000344
3750.541784000001
4167.350568000111
4292.109313999885
4457.132453000057
4030.622995999991
3975.6158309999155
4398.629860999994
5050.342211000039
4728.796539000003
4342.7123559999745
4907.672139000031
4323.372607000056
4013.3210959999124
4287.504505000077
4008.076515999972
3984.163394000032
4149.102648999891
3605.555429000058
3388.151973000029
3524.510104999994
3134.3443480000133
3069.7371799999382
3241.3770540000405
3115.999867000035
3290.469271000009
2954.383526999969
4611.689354000031
3735.575902999961
3574.153302999912
3633.5823410000885
5312.42531099997
3318.4392729999963
3695.0107900000876
4060.172210999881
3677.8430080000544
3497.500437000068
4031.861494999961
4568.3780139999
3589.41978700005
3665.274007000029
3696.331208999967
4007.746204000083
3862.1159809998935
4734.97101800004
4037.480271000066
4430.838659000001
3889.5014239999
3479.222070000018
3625.1767480000854
3773.8270839999896
3835.1134890000103
3626.10209499998
3674.983850999968
5219.203219000017
4089.5518460000167
4431.881566999946
3780.3547349999426
3293.9291490000905
3706.3698149999836
3411.22014999995
6271.271529000136
5334.7531189998845
3896.3905790001154
3836.539745999966
3846.5624240000034
4075.690157999983
3770.938707999885
4175.274230000097
4398.280241
5021.037734000012
3879.216832999955
3988.768386000069
4047.5883469999535
3785.11592199991
3510.2192300001625
3582.660000999924
3677.028362000012
3399.0127860000357
3356.0622910000384
3410.2423119999003
3267.0565550000174
3286.625405000057
3218.3661389999324
3462.3334090000717
3207.3544129999354
3096.0798809999833
3220.2475850000046
3193.1740429999772
3759.9573760000058
3448.0531130000018
3617.8876710000914
3579.317344999872
4509.779872000101
4063.934831999941
3749.9458009999944
3844.177657000022
3644.871984000085
3927.708996000001
4095.958614999894
4508.327958000009
5050.195863000001
4457.426962999976
4532.217919999966
5185.772291000118
3949.8234780000057
3337.28831600002
3547.4426949998597
4542.074330999982
4626.183465000126
3753.843441999983
4102.171948999981
9619.339604999986
7269.476947000017
4518.17934500007
3831.6861039998475
4314.727196000051
4893.30905000004
3745.343540000147
5154.4297139998525
4797.224739000085
4621.358460999909
4189.493696000078
5227.576024999842
3847.917609000113
3803.448437999934
4182.760688999901
5157.962167000165
4598.270281999838
4485.909621000057
3421.9769680001773
3774.7381659997627
4078.499907000223
3533.628526000073
3310.2660389998928
3292.4644139998127
3660.335181000177
3694.7131769999396
3496.2205799999647
3571.972844999982
3421.666548000183
3467.199019999942
3451.386284999782
3352.41015300015
3439.429831000045
3190.0677070000675
3647.427818000084
3673.0637339998502
3496.279654999962
5133.781121999957
3586.2400930000003
4320.709593999898
3651.335552000208
3206.346698000096
3310.9195550000295
3433.751795999706
3987.4835049998946
3620.6723730002996
3468.1508849998936
4530.655922000005
4630.340293000016
3426.6371980000113
3702.3210569999646
3667.074410000001
4725.896905000001
4836.089617999998
6770.551532000012
4167.4093989999965
4379.783445000008
3734.4947619999875
3366.362096000026
3482.4601749999856
3674.515905999986
3636.239028000011
3971.8799
3304.161052999989
3073.0607350000064
4555.785655999993
3648.027659000014
3473.698302999983
3501.338404000009
3458.646026000002
4212.379595000006
5971.557075999997
4965.915172999987
5619.228271
3158.792647000024
3647.532012999989
4064.0897890000197
3570.7873499999987
3506.4615639999683
3674.669629000011
3504.6633339999826
3938.402661000029
3275.621898000012
3745.891053999949
3145.947976000025
3312.0148310000077
3718.3992309999885
3727.3615010000067
3705.3010200000135
3127.703742999991
3588.8370829999913
3494.3576880000182
3685.1647269999958
3655.03250999999
3986.0137509999913
3181.2048780000187
3369.5260269999853
3567.5488719999557
3578.666232000047
3305.9494260000065
3534.568031999981
3239.3273200000403
4324.683649000013
3987.222291999962
5396.36802200001
3916.3891399999848
4337.093976000033
3549.0279669999727
3365.651737999986
3384.4695990000037
3980.6212620000006
3221.2264960000175
3474.121561000007
3179.31183099997
3190.2344699999667
3212.55962200003
3180.82186299999
3315.316220000037
4743.935366999998
3509.183092000021
3435.379006000003
3972.1976949999807
3670.57867800002
4011.9370379999746
3246.0704269999987
3265.4265379999997
3275.8312899999437
3406.416244000022
3745.8824290000484
3495.856084000028
3337.4116719999583
3508.2507009999827
4283.915080000006
3230.4420329999994
3234.2679020000505
3557.8427629999933
3576.462633999996
3256.3658359999536
3190.3604600000544
3175.49329699995
3289.5149620000157
2893.3766540000215
3267.6130829999456
3092.7837910000235
3063.877334000019
3420.1880799999926
3878.9411120000295
3046.3604929999565
3151.8500300000305
3124.360396999982
3567.3303270000033
3420.9153879999067
3293.391101000132
3292.7044829999795
3537.197564999922
3564.9195070000133
3543.1321920000482
3108.946792999981
3191.7409749999642
3584.9373710000655
3576.839969999972
3402.4777070001
3248.6095579999965
5464.691217999905
3976.9069230000023
3998.9385970000876
4106.176871999982
3417.274994999869
3296.7139240000397
4303.567612000043
3320.108569999924
3637.672326000058
3062.659837999963
4665.815426999936
3167.975521000102
4137.004696000018
4473.775025999988
3383.7157749999315
3419.5852290000767
3316.914730999968
3384.3277789999265
3694.4001800001133
4017.7631149999797
3394.370763999992
3109.7834520000033
4387.823631000007
3484.407623999985
3510.033323000069
3393.45488799992
3414.4381460000295
3333.4778309999965
3174.3315220000222
3299.424820999964
3674.048534999951
3657.6223329999484
3357.289204000146
3318.521436999901
3564.107476999983
3431.329136000015
3443.7445060000755
3021.2783979999367
3318.5217510000803
3328.0971069999505
3611.252133999951
2959.576403000043
3130.7459690000396
3070.8042429999914
3448.459327000077
3495.3089029999683
3290.994563999935
3625.588986000046
4119.7101019999245
4854.462386000087
3948.330200999975
4323.3363599999575
4410.2419110001065
3595.1577599999728
3468.7497730000177
3779.1782239999156
3721.12591599999
3705.4232550000306
3275.269850999932
4586.438724000007
3707.8068259999854
3471.5800039999885
3768.9263839999912
3589.4162960001267
3526.2468390000286
3612.1827630000043
4155.982987999996
3834.326156000003
3666.124803999999
3559.2209030000013
3724.5502259999994
2590.5007710000064
2728.697511999999
2520.7414350000035
2768.927140999993
3389.2925860000105
2737.2172399999836
3417.0347420000035
7085.9749620000075
2895.6188589999947
2591.405301999999
2675.249152000004
2685.0402449999965
3195.4003629999934
2801.324603999994
2894.390396000017
3094.403287999987
3093.7705800000113
3729.8459789999906
4650.0048099999985
3827.7662990000244
3115.843834999978
3407.625516
3300.58155599999
2645.6036790000217
3175.051665999985
2654.8022220000275
3513.5612669999828
3388.6632319999917
3334.366934999998
3128.7238310000103
3530.5051770000136
3353.0063410000002
3593.959269999992
3704.957881999988
4320.610716000025
5271.7493709999835
3370.1675549999927
3017.683256999997
2617.1745710000105
2720.435673
3175.7383330000157
3207.4180039999774
3216.0887829999847
4089.1912380000285
4097.757921000011
4134.634672
3264.936799999996
4252.557959000005
4151.681675999993
5418.853056
2791.9901030000037
4515.2785129999975
2768.1967129999975
3020.5556329999963
3094.664193000004
3369.692147000009
3625.353250999993
3156.810056000002
4482.070086000007
2858.4177599999966
3061.3188210000008
5187.256157
4343.164525
13247.240289999994
2514.5213060000024
4402.793242
2953.080495000002
4296.083828999996
3616.16530600001
4762.236579999997
3253.952716
3141.5712580000036
5137.155767999997
3292.5481629999995
3846.1565520000004
2962.790036000006
3234.7609749999974
3685.6822479999973
5000.291595000002
3297.597028000004
4156.686720999991
4038.2900050000026
4582.211504999999
4447.99555800001
2746.1148179999873
3102.8361860000005
3115.602497
3206.5193149999977
2845.728970000011
2661.7794749999885
3692.8149269999994
3622.5553910000017
5738.129482999997
4137.299159999995
3782.331780000037
3228.280592999974
2747.362248999998
3830.2085960000113
2811.1642510000092
3161.6599759999663
3773.634347000014
3252.1893910000217
5227.643609999999
3709.4185270000016
3713.609790999966
2872.6939550000243
3325.482232999988
3926.8900109999813
3424.450469000032
2652.9413219999697
3100.3460970000015
3420.9481300000334
3648.722231999971
4036.5871960000077
4150.9766459999955
3755.08582800001
3377.2986299999757
2902.0058440000284
2543.3929889999854
3233.735657000012
4538.703804999997
3956.435070000007
3930.8320639999947
3420.8226200000063
3289.797728999998
5902.373308999988
2974.1861420000205
4273.375456999987
4803.100910000008
3653.1504489999934
3551.427024000004
3409.855687999996
3484.9372569999978
2904.705298999994
3063.2203810000065
2970.4800160000013
2749.1005640000076
2814.413490999985
3474.8161450000043
3254.5456450000056
4408.983170000007
3635.3535589999665
5530.462420000025
3275.7127270000055
3352.7933159999957
3450.6820999999763
3989.275405000022
3664.0410820000106
3593.3441359999706
4345.729371000023
3143.828932000004
2962.030946999992
2727.891115000006
3410.972066999995
2650.019450999971
3458.1261430000304
2769.6083680000156
3037.2972249999875
3276.129046999995
3124.5738589999964
3014.064747999975
3303.1038610000105
3079.248083000013
3561.0252660000115
2987.4515949999914
2828.5007209999894
3502.6216520000016
2735.9041550000256
2517.1806239999714
3388.4728800000157
2662.041731000005
2935.418503999972
3097.587687000021
3527.554907999991
3949.104607999994
8000.1801710000145
4077.1986770000076
3811.4010420000122
4804.2341649999435
3064.859564000042
3166.516275999951
5986.220692000061
14083.056557999982
12204.631908999989
2929.6463890000014
2673.9500150000094
2575.0339019999956
3383.986596999981
3574.242035000003
3400.172705999983
3408.740021000034
5023.828598000051
5676.473822999993
2850.848090000014
3277.1411529999896
3310.648502000011
2550.002475000001
2884.7861200000043
3977.577246999994
2863.834501999998
2554.366683
2660.5817379999935
3124.966326000009
2616.2915070000017
2759.138632999995
2939.5991760000034
3407.749075999993
2645.844154000006
2990.7841279999993
3456.9151409999904
3023.544708000016
4323.8003169999865
3910.7645159999956
3067.211122000008
3567.461507000029
2787.062901999947
4242.439140000031
3257.434711000009
4061.3820499999856
3152.928568000003
3929.973084999976
3155.9055140000128
3029.8620200000005
3010.446907000034
2413.3695679999655
2944.924037000019
2671.5165839999972
2993.1453009999823
3809.3197490000166
2741.6036069999973
2543.1417099999962
2252.156907000026
3434.5289029999985
4101.387043999974
4103.653445000004
3786.7302109999873
3906.015618000005
2872.706425000011
3176.8452989999787
2669.575922000018
2897.011133000022
2746.4254409999703
4178.26116200001
3414.2532699999865
3747.1854540000204
3430.5479669999913
3574.6841229999845
2945.826503999997
3075.667305000039
2943.5771689999674
3299.5631120000035
3190.933305000013
3154.4363330000197
2693.162926000019
3317.1047449999605
3251.671789999993
3745.295657999988
4019.800312000036
3322.519740000018
4038.7505539999693
3187.37877999997
2850.4777749999776
3182.077430000063
2919.0949099999852
3533.950432999991
4751.999087999982
3163.0662700000103
3465.1092630000203
3513.870601999981
3127.037093000021
2641.278443999996
2860.8090139999986
3445.1684609999647
3993.1677430000273
2371.2364360000356
2673.015845999995
2407.5798659999855
2381.4863100000075
3741.3504579999717
4091.085042999999
3565.0133370000403
3575.6202929999563
3406.63410700002
3350.860602999979
2654.4911570000113
2854.8991459999816
3283.622139000043
3673.3192179999314
4627.365911000059
5104.010271999985
4133.88230399997
3166.9538300000004
3960.6250959999998
2927.566967999999
2880.298175
3502.1607399999994
3128.0450010000022
3505.4444440000007
3131.304277000003
3576.3729749999984
2716.0217980000016
2584.864934999998
2627.4069789999994
3324.0132959999974
3226.692366000003
4176.909124999998
3636.320821000001
3505.4663500000024
6043.472084000008
3234.3438599999936
4402.365132999999
3146.432384999993
3652.1787170000025
3922.212514999992
3351.8875940000144
2707.3720909999975
3069.6701739999844
2553.654673000012
3340.893133000005
3070.969702999995
4045.1986659999966
3644.3460119999945
3269.134433000014
3606.8532029999915
3656.3540899999934
4103.039705999996
4711.812286
4754.3395420000015
3493.4632800000254
2808.47566299999
2421.835991
2739.536318999977
3382.4076030000288
3144.146137999982
4209.703752000001
3843.3593880000117
4114.179950999998
3869.1960090000066
3347.3394179999887
3942.3180550000106
3818.164241999999
3674.060322000005
3450.066555999976
3956.216081999999
2616.0799870000046
2846.911821000016
4657.364856
3168.0750289999996
3340.203419999976
5028.40791899999
3659.489013000013
2898.0158520000405
3199.63442399996
3268.9684970000235
3197.0358499999857
4073.2488170000142
3239.738711999962
3736.5146860000386
3147.230288999999
2741.9733579999884
3125.414033000008
4096.832972999982
4326.56526199996
3449.1728820000426
3078.417485999991
3168.6683119999943
3538.3664620000054
2688.8898970000446
4031.485587999923
3595.5113370000036
3682.1643640000257
3408.121375000046
3382.9876769999973
2603.826871999947
3388.779690000054
4424.109107999946
3137.5356960000354
3275.2735289999982
3114.981621999992
2944.9256180000375
3235.9150159999845
2403.9600450000144
3492.066907999979
3488.054872999999
4988.769654
3448.5774519999995
3524.081553
3793.8993310000005
3631.027839000002
2799.771098999998
3013.812604999999
2748.706044999999
2670.3315189999994
2886.605951000005
2551.6973730000027
2786.1316059999954
3107.5117910000045
3075.3646139999983
3133.5040789999985
3133.5201890000026
4015.826971999988
2643.2421570000006
3398.8290930000076
3009.482222999999
2962.8918990000093
3126.0194359999878
2981.658354000014
3461.030458999987
3079.76681500001
3249.1282470000006
4260.8703569999925
3688.9277929999953
3794.334009000013
3549.864853999985
3623.608334000004
3194.7298350000056
2727.3716480000003
3087.6268469999923
3233.887686000002
3622.742014000003
3684.414653999993
4218.41810000001
3615.620167000001
3119.3451239999995
3083.3062470000004
3095.4117999999944
4710.246603000007
3368.9118640000015
2893.0004249999984
3739.911936999997
3765.651061999997
3759.3947680000056
4661.267476000008
4599.02582699999
2950.610056999998
2944.497835999995
4343.154966000002
4576.326218000002
4188.64078300001
2804.6665849999845
3012.9565160000056
2867.4787420000066
2986.6730370000005
2883.0799090000073
2841.112084999986
3331.0248319999955
3238.0600530000083
4209.874856999988
2998.2956830000185
3205.6759769999917
5754.509864000007
2708.7565579999937
3117.8910090000136
3298.846504999994
3640.6176559999876
3040.335572000011
4342.6436939999985
2985.9757319999917
2776.8415680000035
2713.0137680000043
3005.804769999988
3591.5119290000002
3768.7325439999986
3228.5593170000066
3738.404737999983
3287.7420090000087
3206.134117999987
2749.313212000008
2684.366979000013
3424.573067999998
3730.071478000027
3477.315957999992
3051.6273929999734
3247.0092020000156
2791.931202000007
3671.944785999978
3313.0622010000225
3252.3128070000093
2744.3239289999474
2630.6392879999476
2685.5743510000175
2962.1454340000637
2601.3378939999966
2522.5839469999773
2669.733047000016
2674.070758000016
2870.8664310000604
2650.816625999869
2844.095811999985
2852.941294000135
2629.688151999959
2614.5306229999987
2836.385386000038
2683.8216949999332
2857.874792999937
2866.3318750000326
2644.956414000015
2793.7473410000093
2780.3116170000285
2765.855859000003
2988.7906070000026
2854.853919999907
2734.763905000058
3110.7973950000014
2812.553612000076
2972.4018469998846
2739.298565000063
2904.5209589999868
2854.7080510000233
2833.618022999959
2962.723375999951
2836.2895710001467
2883.329499999876
2769.89674700005
2958.978918000008
2974.002070999937
2932.705237000133
2640.6218429999426
2789.330909000011
2872.4260319999885
3182.9629689999856
3048.941671000095
2730.3494499998633
2766.858464000048
2921.5652830000035
2675.598105000099
2863.208699999959
2755.123992999899
2798.0921439999947
2864.54287200002
2813.1225440000417
2685.9187469999306
2950.081079000025
2815.6342710000463
2766.8813240000745
2736.7005809998373
2775.4225460001035
2853.6820309999166
2674.458970000036
2925.8110960000195
2635.6821069999132
2896.8064270000905
2758.358508000034
2767.589554999955
2924.4193659999873
2823.8493589999853
2916.446038999944
2692.660911000101
2845.3352479999885
2892.148530000006
2911.5357269999804
2982.4377749999985
2722.509473000071
3083.343508999911
2663.185311999987
3389.902442000108
2758.6959969999734
2683.2888789999997
2840.6938770000124
2821.891849999898
2891.6222240000498
2819.1211309999926
2741.8336379999528
2811.684375999961
2938.015839000116
2825.3562989999773
2904.470803999924
3264.015376000083
2886.8104149999563
2772.20229200006
3029.683183999965
3075.474754999974
2840.1441530000884
2778.5934839999536
2703.515677999938
2949.339231000049
2798.8417790000094
2967.863792999997
2731.2059179999633
2871.077044000034
2925.8087639999576
2733.5582360000117
2717.3247650000267
2831.088500999962
2884.5187859999714
2741.3032890000613
2868.5035409999546
2814.5537030000705
2610.7384880000027
2669.0006819999544
2830.8327689999714
2808.9992900000652
2912.465069000027
2704.134361000033
2850.6062569998903
2872.6305100000463
2699.7456269999966
2884.9277310000034
2444.2861229999908
2564.6162940000067
2777.686885000003
2905.7442600000068
2617.327781
2810.4341989999957
2758.1476529999927
2788.08258799999
2689.272111000013
2737.2707200000004
2773.2174199999863
2821.4006360000058
2875.0427320000017
2750.759296000004
2715.702004000006
3226.9913519999973
2704.925786000007
2792.594664999997
2830.305490999992
2641.669246000005
2647.4898799999937
2912.4075469999952
2969.5984660000104
2943.839845999988
2698.9136360000266
2813.187218999985
2849.677192000003
2822.288452000008
2800.2597719999903
3551.375543000002
2723.167168999993
2764.3282029999828
2808.1023080000014
2893.898491
2860.336395999999
2925.3760670000047
2884.268017000024
2741.36708299999
2750.0800579999923
2716.2386970000225
2708.9507749999757
2618.1218900000094
2701.148350000003
2559.5362289999903
2755.1343869999982
2752.0613929999818
2668.708619000012
2777.3819800000056
2687.801983000012
2553.126212000003
2798.269918999984
2765.7303220000176
2714.5510249999934
2900.7449780000024
2840.2743299999856
2779.197712000023
2754.8367049999943
2629.494648999971
2647.4531390000484
2828.1399239999882
2554.4086039999675
2706.44723900003
2907.9281879999908
2665.2983979999844
2764.7330310000107
2759.8107540000055
2684.896466999984
2783.8769600000232
2851.3883339999884
2921.5446879999945
2694.4544620000233
2877.124761999992
2610.6111039999523
2694.80677200004
2647.8841830000165
2639.3069499999983
2869.2443689999636
2797.7225970000145
2720.264353000035
2643.422435000015
2724.017632999923
2808.388830000011
2647.260762000049
2812.4651939999894
2942.659453
2836.1066839999403
2840.2346410000464
2806.6330139999627
2828.8360260000336
2856.079894000024
2758.597780000011
2855.9271099999896
2768.573381999973
2790.502238999994
2547.1987380000064
2533.5388970000204
2747.5639499999816
2766.5779200000106
2620.2678279999527
2687.8039640000206
2713.360325000016
2890.382518999977
2616.127215000044
2815.4808819999453
2681.0033309999853
3018.055488000042
2981.9475639999728
2520.5562370000407
2631.4654939999455
2636.0389399999985
2393.499487000052
2557.8698710000026
2585.2941419999697
2616.4505140000256
2837.0868349999655
2673.547007000074
2620.164781999949
2701.5435200000065
2776.81376499997
2803.602023000014
2449.50224900007
2556.3832539999275
2725.495991999982
2577.194438000035
2595.481412000023
2633.89795699995
2546.6322730000247
2446.3294740000274
2483.9829629999585
2589.7827830000315
2714.318637999997
2671.27011199994
2855.5461360000772
2495.8695350000053
2679.959914999956
2451.3803710000357
2683.714476999943
2528.473352000001
2791.459256000002
2594.8464240000467
2792.1404389999807
2527.3648019999964
2612.4418660000083
2456.981157000002
2718.2899510000134
2496.198730999953
2449.8492880000267
2673.2912969999597
2727.0072060000966
2636.1214339999133
2542.611835000047
2722.0648539999966
2823.547749999969
2574.467905000027
2539.57174699998
2506.5205550000537
2546.725906000007
2602.3761449999874
2821.952067999984
2465.823059999966
2736.662221000006
2408.8012870000093
2535.0925930000376
2414.5882309999433
2622.0582440000144
2593.5566029999754
2668.8808359999675
2789.1405370000866
2945.5643670000136
2689.3469609999447
2685.0318090000656
2718.677469999995
2554.1412269999273
2712.1006650000345
2600.3682390000904
2587.507392999949
2631.191455999855
2710.099724000087
2529.2866070000455
2379.7980489999754
2822.821683999966
2541.6785379999783
2790.1410290000495
2556.0438330000034
3163.008554000058
2541.7753419998335
2602.8313140000682
2557.8635280000744
2487.1139409999596
2564.7600340000354
2720.6146709999302
2591.63127100002
2815.5516379999463
2532.3842130000703
2799.1442490000045
3252.6444909999846
2702.2860919999657
2706.719841000042
2854.4334060000256
2724.3777629999677
2618.3337580000516
2575.554710999946
2918.385476000025
2618.164538000012
2997.8588039999595
2720.82514500001
2520.8490969999693
2657.015521000023
2438.5110610000556
2572.295882000006
2705.732796999975
3193.0737110000337
2891.844347999897
3338.5408140000654
2790.6328369999537
2661.584886000026
2641.41789599997
2807.931403000024
3030.1735460000345
2980.066880999948
2774.5853190000635
2635.366936999955
2847.950680000009
2869.2696609999985
2854.1037779999897
2645.7623499999754
2854.593220000039
2535.13094599999
2553.401115000015
2489.7874050000682
2554.6246759999776
2426.265348999994
2454.299057999975
2534.6132959999377
2628.1263170000166
2515.4549869999755
2877.5384210000047
2610.814904000028
2711.2264190000715
2512.455048999982
2610.0058699999936
2567.635470999987
2612.758503000019
2713.649757999927
2846.3592800000915
3122.7607699999353
3265.5352999999886
2994.6446529999375
3215.5114660001127
3003.85980700003
2891.6956959998934
2577.1475809999974
2685.194571000058
2917.648927000002
2771.8398329999764
2875.5933860000223
2791.2090739998966
2503.6315880001057
2709.7814090000466
2708.0882809999166
2555.8226580000482
2573.9101870000595
2630.7700529999565
2699.3821809999645
2574.4508239999413
2761.780783000053
2699.8926809999393
2757.1209700000472
2490.2803040000144
2752.124645999982
2583.347455000039
2659.882806999958
2723.975496000028
2859.008828000049
2572.9218229999533
2722.4468639999395
2565.6001750000287
2636.033605000004
2667.6580020000692
2540.8073319999967
2806.491709999973
2596.3411769999657
2632.4541599999648
2627.2823640001006
2642.1818229999626
2825.1016619999427
2623.18270200002
2697.806055000052
2519.8437559999293
2757.130402000039
2475.633388999966
2692.1066989999963
2655.1918259999948
2697.048300000024
2592.837503000046
2607.0648979999823
2569.8023549999343
2504.5031510000117
2783.56875700003
2796.8670920000877
2627.183578999946
2794.4663990000263
2517.1676039999584
2678.9730410000775
2696.8831399999326
2473.30101299996
2619.8513500000117
2670.1132030000445
2689.2811049999436
2516.3690369999968
2707.560248999973
2703.4519259999506
2708.0114350001095
2709.881449999986
2692.85920600011
2761.637429999886
2640.7984270000597
2763.2279999998864
2444.7447360000806
2433.993445000029
2559.8981259999564
2562.794870999991
2707.7091449999716
2768.388804999995
2734.4821790000424
2719.7064340000506
2902.203880999936
2753.0239630000433
2646.25769499992
2784.370549000101
2762.1420879998477
2840.8960070001194
2919.001301000011
2728.196188999922
2724.1628100001253
2935.2743019998306
2652.1756760000717
2596.9979560000356
2876.276685999939
2630.0205990000395
2784.0252660000697
2797.982389999903
2698.9006490000756
2545.992412999971
2871.403071000008
2872.0099659999833
2813.6867060000222
2749.078774999987
2795.598093000008
2814.5105529999855
3045.235692000002
2827.6122990000003
3080.266272000008
2914.5183229999966
2864.6833069999993
2726.0340940000024
2885.930607000002
2771.3979459999973
2959.5598920000048
2748.8947699999844
2698.244755000007
2625.663824000003
2849.375161000018
2624.953320999979
3005.789383000025
2763.7209689999872
2801.7602490000136
2719.1056339999777
2814.445445999998
2764.4983170000196
3032.576968999987
2966.742532000004
2795.6106650000147
2814.0001899999916
2769.002875
2764.9235059999974
2755.9911980000034
2905.5465879999974
3113.2042140000012
2948.49453
2899.559444999999
3033.951269000001
2800.2819850000014
2678.0915749999986
2545.053829000004
2742.7443069999936
2726.3163920000006
2669.311376000005
2647.6189479999957
3142.2924890000068
2857.8061839999937
2975.778781000001
2695.777339
2874.015996999995
2896.39862800001
2756.7765149999905
2701.7102989999985
2670.2733420000004
2642.34547
2692.9460280000058
3053.552620000002
2792.3032600000006
2755.735379000005
2671.851622999995
2753.915321999986
2526.0242500000168
2503.94494999999
2716.6807700000063
2590.7969109999976
2793.913360999999
2730.956032000002
2689.673616
2588.9380579999997
2554.551178000009
2661.246711999993
2737.850668999992
2699.9282000000094
2483.8290889999917
2666.3657870000025
2812.0635089999996
2473.4944049999904
2437.110572000005
2557.1906279999967
2283.212765000004
2358.982489000002
2423.632583999999
2290.1271530000013
2242.136416000001
2446.3118160000013
2423.8144849999953
2379.528112
2308.2178050000075
2636.0201709999965
2286.656152999989
2350.607752000011
2484.4668139999994
2697.600722999996
2462.169617000007
2342.2685359999887
2826.3708719999995
3190.3705970000156
2372.496761999995
2968.6231109999935
2309.153912000009
2487.645916999987
2314.530142000018
2318.0766509999958
2399.260283999989
2270.4210849999945
2361.2480550000037
2401.2002660000144
2231.3721919999953
2411.5005060000112
2285.711314999993
2503.4251150000055
2503.2373510000034
2357.457476999989
2325.1195630000148
2332.7373279999592
2347.9231820000277
2367.641749000002
2284.9808550000016
2909.7518350000028
3293.2878079999937
4630.483112999995
4696.133903000009
3257.408675999992
4731.402480999997
3782.4914660000068
4374.69841099999
3692.4577770000324
3417.9013579999737
3850.5474089999916
3556.6436530000065
3106.762626999989
3375.3531969999894
3105.298509000044
3783.355935999949
3244.1320629999973
3653.9131560000824
3222.8947879999178
4663.388703000033
3464.1989460000186
3356.7148419999867
4217.426271000004
3223.5814750000136
4208.023135000025
4632.491099999985
3020.703501000011
2786.475083999918
3073.1181140000117
3198.1684940000414
3965.6006089999573
3360.4484400000656
3473.213987999945
3313.982286000042
3765.075100999966
2951.2348810000112
3222.5730129999574
4994.393808000081
3605.2363169999444
3339.8935930000152
3996.645549000008
4360.700048999977
3483.9528620000347
3345.511317000026
3766.754537999979
6524.3876820000005
4672.391963999951
4024.8426300000283
2701.0610499999602
3367.60891000001
3331.146792000043
3695.021149999986
3909.313483999984
3654.081868999987
3339.8011200000183
3482.1864650000352
3242.716734000016
3282.5685109999613
3867.952120000031
3848.3457719999715
3603.100026
4646.7739210000145
3729.868082000001
3929.979275999998
3460.84582899994
3465.1357120000175
3730.071224000014
3790.6591659999685
3520.1315100000356
3170.1545719999704
3815.245314000058
2864.9058409999707
3349.5780850000447
3664.508302000002
3625.4601579999435
3297.6115860000136
4663.257220999978
3406.4688070000266
2960.556438999949
3352.8807440000237
4706.554158999992
5302.789542000042
5255.944606999983
6314.676069999929
3335.101576000103
5527.464161999989
4332.47497599991
5738.981098000077
5135.932455000002
3417.1860210000305
3531.7240749999182
3786.3203940000385
4613.83793899999
4225.508040999994
4493.340073000058
3285.507230999996
3026.2902539999923
3723.113567000022
3195.7964399999473
4239.5399599999655
3752.227535000071
4855.143643999938
3433.061022000038
6131.332193000009
3834.880269999965
5612.242741000024
7285.642935000011
4218.014070000034
4140.753293999936
3608.0503200000385
4803.879587000003
3752.0903169999365
3566.452626000042
4593.113832999952
3825.249301000149
3172.300530999899
3482.5585289999144
4229.268426000024
3927.6634459999623
3652.8572740001837
3719.0103499998804
4953.357551999972
3907.8816880000522
3828.9547650000313
4113.400427999906
3832.368567000027
5589.679396000109
3627.447974999901
3754.775299000088
3720.866945000016
4099.173431999865
3936.263013000018
3578.536637000041
3726.737879000022
4635.9609440000495
4774.3620200000005
3666.8767869999865
4235.438037999906
3347.5967950000195
3821.676329000038
4556.8413720000535
3891.5429269998567
3310.005351
3541.826229000115
4221.5721719999565
4495.610072000069
4837.762860000017
4410.113526999834
3853.6401440000627
4085.7597480000695
3692.4102470000507
5160.583832999924
4199.029493000009
3382.749198000063
3372.317180999904
3394.9926129999803
3120.0158250000095
4240.432883000001
4317.482471999945
3585.8667380000697
3907.300734999939
4049.2374459999846
3333.0284440001706
4587.049618999823
3625.642458000104
3966.727763999952
4786.588320000097
3445.9452019999735
4026.359620999894
3232.081050000037
4306.810632999986
4266.972289000056
3688.772741999943
4630.906931999954
3327.6811560001224
3890.8506970000453
3456.248958999873
3965.5498590000207
3763.4630330000073
4866.446232000017
3423.2201799999457
3604.5334180000937
3323.3072059999686
4245.63102500001
4244.4274920000025
3318.4599880000023
2773.500241000016
3438.3478459999897
4298.720367000002
3719.549509999997
3017.574873000005
4019.467412999991
3149.483804000003
3530.6571859999967
4581.699842000016
4992.822425999984
3271.711362000002
3208.72043999999
3815.7091770000116
3715.483770000006
3785.2499839999946
4607.682807000019
4060.36634399998
3551.5064760000096
3960.595620999986
4673.4955740000005
4314.743719999999
4004.149252000003
3653.505291999987
4652.639432000025
4002.6590480000013
4896.954632999987
3477.119369000022
3337.0933359999617
4500.971397000016
3603.092586999992
3031.105057000008
2920.024317000003
3296.5681369999947
4808.357427999988
3294.091717000032
3885.5245799999684
3840.851337
3290.2275910000317
3085.8247989999945
3982.570619999984
4301.37883099998
4017.133535000001
3664.946549000015
3341.812859000027
3551.920451999991
3704.119287999987
4290.829571000009
4323.760043999995
4508.843066000001
3630.5972140000085
3418.643295000016
2810.133947000024
3232.421200999932
2776.120675000013
3723.4410919999937
3618.659502000024
3678.3594760000124
3729.3265209999518
3756.9999820000376
3820.498649999965
3517.903531000018
3499.1783529999666
4068.600739000074
3518.9717170000076
3285.906576999987
4099.420524999965
3652.6452319999808
2992.3527239999967
3519.5695770000457
3785.2478319999645
4056.628415000043
3505.0555729999905
3765.603727000009
4183.438410999952
3581.2930530000594
4196.810096999921
3849.1334900000365
3977.9443459999748
3042.4322530000354
3462.3079409999773
3618.123093000031
3791.0638020000188
4122.357509999943
3854.8551970000262
3498.389235999959
3690.3655920000747
4760.119808999996
3167.5764659999986
3190.105528999993
3509.481058000005
3987.3887939999695
3364.7176730000065
3968.460515999992
3919.4144850000157
3581.155342999962
3045.0106540000415
3434.4293980000075
3055.2605469999835
3418.2742749999743
3063.5158759999904
3071.157051999995
3138.8992150000413
3604.688061999972
3291.426138000039
3497.2391010000138
3573.284510999976
4232.500766999961
3446.0122260000207
3226.559224000026
3165.8197860000073
3418.918895999959
4185.990510000032
3582.887229999935
3060.5587970000925
2966.5040089999093
2911.1668100000243
3112.3436360000633
2981.619430999912
2808.409824000031
2871.5481869999785
2990.29057000007
3055.317457999976
2850.444890999992
2832.106130000029
2906.4389139999985
2884.6555819999194
2941.682177000097
2880.6662339998875
3599.212065000087
4137.229961000034
3585.538899999927
3606.0413520000875
3220.4160289999563
3049.3104059998877
2982.8544410001487
3216.439374999958
2967.6950149999466
2998.847761000041
2792.4460070000496
2912.71783400001
4916.868526999955
5439.906452999916
3943.882200000109
3727.5978009999963
3306.7244829998817
2998.431590000051
3579.181478000013
4445.699045000016
3232.3226980000036
2856.5994229998905
3012.6343800000614
3150.6015640000114
2912.9155810000375
4468.472896000021
3927.979784999974
3363.916812999989
3080.8793950000545
3105.061575999949
3237.8520789999748
3330.1607390000718
3185.773266999866
3171.4547750001075
2900.3878969999496
2954.581814000034
2870.414543999941
2714.0104450000217
2747.9687710000435
3006.1130360000534
2644.497725999914
3080.7252560000634
3002.2687470000237
2930.4933040000033
2818.880529999966
2993.688220000011
2959.8769059999613
2830.730340000009
3654.484502999927
3660.203095000121
3145.5454119999195
3223.4466869999887
3824.357698000036
3582.409003000008
4176.1158939999295
3694.4557550000027
4729.0691320000915
3739.873013000004
3106.1963580000447
3108.287948999903
2943.4836010000436
3024.016377999913
3467.350703999982
4585.371456000139
3406.548618999892
3482.103920000023
3470.940995999961
2937.269207000034
2992.8133530000923
2968.5010339998407
3070.712535000057
3657.64791900001
3557.353819000069
3775.0227839999134
3496.0526580000296
3193.756972000003
3301.4633690000046
3123.705380999949
3177.8828380000778
3134.6855940000387
3160.21566300001
3094.421470999834
3276.1895060001407
3211.560230999952
3154.1666529999347
2945.2099610001314
3034.4937969999155
4470.732333000051
3621.967296999879
3254.0375160000985
4570.147450000048
3247.2654790000524
3060.4831059998833
3046.497019000002
3809.4573879999807
3865.1083970000036
4662.221202000044
3555.2228929999983
3642.848961999989
3227.6554470000556
3786.9622949999757
3306.270065999939
3037.352794999955
3102.7511870000744
3994.0830650000134
3845.562149999896
3159.7588710000273
2870.7261029999936
2718.7544350001263
2972.3061559998896
3999.974408000009
3704.1418580000754
3857.743615000043
5012.520518999896
4167.418057000032
4198.822324999957
4808.5774669999955
4802.6510650001
3732.5815859999275
3588.8379369999748
4033.205978000071
3146.352441999945
3427.9259109999985
4622.197494999971
5583.596470999997
3185.25363000005
3835.137898999965
3486.772178999963
2876.856304000132
3029.923822999932
3530.369585000095
3609.3297199999215
3644.340763999964
3184.6471840000013
3184.2575819999947
3528.337586000005
3717.539639999999
3899.1307099999976
3799.737227000005
3472.1812569999965
3187.1788180000003
3412.217579999997
3697.741491000008
5682.124525999992
3861.641450000003
3883.739225999998
3068.892138000003
3756.851582999996
4162.789089000013
3758.8309659999795
3690.0535020000098
4519.904146000001
2947.1246190000093
3206.864637999999
3331.3910199999955
3145.9117839999963
4114.596749000004
4067.8564999999944
4202.768314000001
5709.9633049999975
4723.054480000006
3608.4805510000006
3314.0335779999878
3409.7059780000127
3782.9073489999864
4088.9972360000247
3028.75634599998
3628.323942999996
3898.327372000029
3604.915261999966
4721.729638999997
3923.128669000027
4523.726355999999
3837.2639129999734
4668.6821680000285
5225.745002999989
4310.754018000007
3527.0262079999957
3181.049906
3051.1681500000122
3263.5593049999734
3564.2889980000327
4569.075864999992
3661.581163999974
3591.5915540000133
3800.79660099998
3124.4548080000386
2979.6093739999633
3414.5920550000155
3905.2448860000004
4010.7445250000164
3886.288857000007
3699.4599989999842
4425.817045999982
3694.206040000019
3166.4305539999914
3147.0442489999987
3248.6549670000095
3223.731281000015
3146.5753169999807
3481.8336949999793
3109.0064990000683
2957.4344149999088
3148.449505000084
3764.3213939999696
3976.6794440000085
3650.566637000011
3277.4128849999397
4562.634817000013
3248.321345000062
2883.5760199999204
3116.8320400000084
3035.7695500000264
3717.7255139999907
3785.5707240000484
3998.980533999973
3701.3993659999687
3114.12032300001
3131.615668000013
3217.713843000005
3377.804053
3240.8893269999535
3312.454814000055
3231.018481999985
3286.9226490000146
3524.725628999993
3852.902979000006
3453.021163999976
3768.8897930000094
3621.731587999966
3197.1446440000436
3301.606763000018
3157.9636039999314
3158.850463000068
3373.118427999958
3630.336990999989
3352.8122350000194
3514.147934000008
3686.4648419999867
3040.0270129999844
3632.475274000026
3712.6726350000245
3439.8889369999524
3211.3797340000165
3333.6955949999974
3137.1457439999795
3185.9198490000563
3163.2547039999627
4005.710662000056
3630.252347999951
3346.141746999987
3678.783528
4185.933122000017
3261.5491710000206
3264.7549999999464
3002.190214000002
3181.796577000001
3816.617498000036
3704.166691999999
3868.7451650000294
3568.835090999957
4075.1426380000194
2946.1413150000153
2831.2869579999824
2982.85355
3052.7228899999755
3124.1210800000117
3220.454742000031
3077.201613000012
3157.4739509999636
3014.8555399999605
3074.44583099999
3719.3473229999654
4159.365469000069
4141.72789999994
3223.363455999992
4263.776460000081
2862.7828100000042
2901.8292989999754
3219.2548510000343
3735.5586070000427
3826.3467149999924
4491.996441999916
3689.1999960000394
3288.2131580000278
3468.1157179999864
3061.1705959999235
3612.72488600004
3313.7251049999613
3031.5809810000937
3184.1792489999207
3610.235292000114
4052.4640159999253
3863.085756000015
3477.4642849999946
4595.933447999996
4629.400142000057
4194.027645999915
4080.4167880000314
3506.6801999999443
3458.6706410000334
2941.3109110000078
3713.8270870000124
4058.8792710000416
3369.476605999982
4629.224871999933
4296.347819000017
3489.976136000012
3548.523765000049
3365.4718089998933
3365.3767810000572
3272.2736890000524
3206.887592999963
3481.911332000047
3251.5626329998486
3440.4136100001633
4153.251876999973
3580.1388419999275
3626.1144080001395
3344.0079679999035
4089.4989249999635
3572.120294000022
4191.568616000004
3272.2170959999785
3714.464985999977
3557.37612000003
4754.175506000058
3226.3497169999173
3286.586869999999
3248.297491000034
3159.5471550000366
3125.855407999945
3185.8195220000343
4172.602078
3146.2416250000024
2863.272073999997
3434.420074000005
2812.9324109999943
3242.3660450000025
3570.4674860000014
3157.1543729999976
3178.014752999996
2758.1896110000016
3597.605141
3586.108046000001
3785.4027860000133
3702.8760299999994
4004.7192379999906
4958.862303000002
3480.4243419999984
3364.3252090000024
3371.2928479999973
3113.6976060000015
3344.4330809999956
3277.487521999996
5124.044167000015
4705.796954999998
3860.0089759999973
4211.996629000001
3881.9987269999983
3366.9369759999972
3294.5751089999976
3410.24603200001
3141.5198230000096
3712.740681999974
3835.1143460000167
5591.840077000001
3942.281422
3553.7894809999852
3778.0506830000086
3980.143202999985
3491.5738300000085
2953.7900139999983
3440.084582999989
3000.6047989999934
2823.516830000037
3027.286202999967
4096.849656000035
3623.798119999963
4347.277114000026
4003.399391999992
3285.786684999999
3673.396919999999
4186.112518000009
3251.3389939999906
4158.279162999999
4024.83245300001
3907.552423999994
3630.105857000017
3405.9603689999785
3158.6077569999907
3115.5031570000283
2812.7199479999836
2831.5463909999817
2966.2596210000047
2852.3424620000005
2971.495020000031
3014.6782059999823
3165.1592239999736
3583.651571000024
3489.2445780000126
3623.2529109999887
3886.880669999984
3668.2082369999844
4124.995105000038
3747.686340999964
3458.4439669999992
4274.663469000021
3586.2398379999795
3654.2467010000255
3778.8236529999995
3253.329621000041
3205.3753129999386
2971.788130000001
3040.407760000031
3051.98616900004
3221.3392199999653
3477.8304600000265
3363.973632999987
3079.4039810000104
3214.284547999967
3187.679368000012
3981.7090029999963
3676.995966000017
4152.3344479999505
3592.38878800004
4315.829163999995
4004.8204540000297
3583.4470869999495
3840.304667999968
4239.380928000028
4255.546863999974
4143.225134000066
3458.445110999979
3597.870965000009
3266.4205700000166
2868.560378999973
2958.6374620000133
3062.471342999954
3257.124339000031
2862.2175389999757
2946.585954000009
2869.0642200000584
3120.435099999944
2962.3467470000032
6201.58311800001
4299.470216999995
4029.333289000031
4404.277590999962
4489.676846000017
3796.0838070000173
3723.2295169999707
3602.4457140000304
3693.6798969999654
4188.38253199996
4278.242805000045
3377.9309520000243
3463.649104000011
3081.1453929999843
3110.184729999979
3072.956200000015
3372.4108969999943
3352.4811629999895
3545.7609860000084
3134.314053000009
3568.5974810000043
4274.287125999981
4105.867223999987
3489.234609999985
3261.2650590000558
3587.749356000044
3788.111455999897
3543.4203930000076
4081.178901000065
4322.949044999899
3082.3835070000496
3109.377332000062
4404.363343999954
3467.950754999998
6202.753246000037
4331.147540999926
3115.830855999957
3110.8883180001285
3135.7751999999164
3527.2852840000996
3025.5612349999137
3379.797096000053
3819.397717999993
3462.3381819999777
3581.479968999978
3783.5120960000204
3434.1966790000442
3267.1799979999196
3139.249251000001
4368.243326999946
4611.857943000039
3732.9019209999824
3683.212053000112
3670.953370000003
3585.0292960000224
3241.5905389998807
3696.7315320001217
2798.9261339999503
2960.3874999999534
2813.398976000026
3022.8230350000085
3581.7282630000263
3445.7991869999096
3356.291278000106
3992.3657060000114
3802.8867829999654
3199.540879999986
4084.243791999994
3180.6080000000075
3208.1635229999665
3808.4332779999822
3535.03904900013
3733.5334680000087
3729.3972649999196
3617.998522000038
3699.0748759999406
3576.686665999936
3658.9200780000538
3779.2589940000325
3011.2706839999883
3257.6627999999328
3103.9976599999936
2930.1350250000833
2906.242142999894
3302.274991000071
3014.496394000016
2962.122454999946
3039.1982220000355
3190.0875399999786
5058.2381330000935
3366.3629750000546
3193.827207999886
3908.8260909999954
3668.329912999994
3389.8381590000354
2926.9513639999786
3610.6340800001053
3256.745749999998
3573.3497209999987
3219.830618
3592.663192
3161.712173000007
5819.110513999993
5240.773992000002
3357.7866060000015
3082.790624000001
3108.181586999999
3563.2067869999883
3639.4497480000136
3245.3812250000046
3633.9643979999964
4587.273529999991
3586.6417780000047
3356.3179459999956
5774.283355000007
4150.389893
4708.508478999996
3564.130523
6964.659937999997
4546.615408000012
3177.0141549999826
3606.348224000001
3349.15208900001
4648.101989999981
3298.2202589999943
3152.081978000031
3024.9197949999943
3384.755551999988
2993.149395000015
4520.466419000004
3230.2963210000016
3674.006196000002
3371.8852780000016
4009.997139999992
3981.747905999975
3680.3992970000254
3343.5683600000048
4603.561465000006
4133.706586999964
2794.3128809999907
3244.8854500000016
2966.208742000017
4073.383770000015
3351.1638819999935
3624.655161999981
3503.4055360000057
3689.234988000011
3148.423441000021
2877.921864999982
3271.5760979999905
3036.4427570000116
3449.3276679999835
3722.5288280000095
3666.545297000004
3236.165433999995
6323.337507000018
3513.2541129999736
4762.973923000041
3221.085306999943
3674.7471670000523
3258.217309999978
2888.6372660000343
2746.7077159999753
3017.666120000009
3674.957392000011
3631.026235999947
4752.991665000038
3741.4191499999724
4263.044982000021
3263.3760560000082
4462.527059999993
6439.62328900001
6375.8711649999605
3896.524911000044
3812.432972999988
3643.142523000017
4111.384793999954
3685.1751689999946
3671.590469000046
3238.776293999981
3709.937765999988
2792.2218920000014
3192.8109390000463
2824.347941999964
4230.723424000025
3778.56137999997
3978.8731360000093
4310.896290000004
5186.753799999948
4163.263515000057
3816.4398319999455
4010.4240190000273
3390.3062539999955
3592.4747270000516
4627.32917199994
3690.4001010000356
3668.649894000031
3193.803506999975
3709.750011999975
3316.1589969999623
2923.2739970000694
2901.6593869999633
3008.060598000011
2786.4350419999682
3055.908907999983
3402.378783000051
3883.8277820000076
6017.382135999971
3269.0487059999723
4050.3737460000557
3343.4310579999583
3997.3596770000295
3532.451442999998
3823.5204549999908
3407.2287760000327
3690.953851999948
4512.87840799999
4933.617175000021
3994.7250179999974
3275.565671999997
3216.1850630000117
2905.028165000025
2879.3228409999865
2918.4571390000056
3471.0715029999847
2970.0829250000534
2946.2941179999616
3070.9769869999727
4219.123946000007
3792.1383820000337
4216.348628000007
3688.99300700007
3993.973173999926
3839.5599670000374
4049.395068999962
5325.218427999876
5073.959627000033
3210.630504000117
3698.7912559999386
3750.7843390000053
4555.072386999964
3862.425493000075
3462.205462999991
3547.104076999938
5132.719493999961
2767.325610000058
3038.7366770000663
2903.362950999872
3016.280981000047
3391.94640799996
3369.6796890000114
3640.3866020001005
3678.7824379999656
3683.6956579999533
4717.046711000032
3670.46352999995
3416.7831510000397
4354.305572000099
3638.9401109999744
3539.615976999863
3363.263738000067
3616.4645219999366
3664.7995690000243
3155.9530629999936
3781.873568000039
3516.6520180000225
4063.602397000068
3140.158850000007
3227.8149549999507
2845.846920999931
2851.734167000046
3586.05607400008
3587.0180609999225
3324.6445720000193
3533.9361760000465
3347.203977999976
3141.418088999926
4071.062283999985
3720.765348999994
3111.017715999973
2830.5341010000557
3417.9984320000513
3712.3917129999027
3054.464525000076
4386.289316000068
3632.568723999895
3370.5408910000697
3122.6847769999877
2950.0447050000075
2762.72571899998
2840.541579999961
2809.1162760000443
2637.1973640000215
2652.3376299999654
3240.9321629999904
3509.5672139999224
2836.0547200000146
2683.4626520000165
3045.961605999968
3658.4052240001038
2704.145627999911
4153.998252999998
3636.816626
3795.3286459999945
3037.766345000011
3468.3221950000006
3568.837958999982
4637.185809000002
4058.753960000002
3747.6018900000054
3787.038532999999
6697.501032
3441.9105870000058
2755.0834719999984
3243.2282479999994
3924.540146999978
3795.283240000019
4187.419488999993
3421.568229000026
3759.1319409999705
3675.919425000029
3601.1147599999676
3243.5656860000163
3781.0378210000054
3157.144036999991
2825.974551000021
2877.703238999995
2966.5126330000057
3540.582912999962
4151.72836400001
3744.244974000001
4052.593777000002
3300.69346900002
3545.80189599999
3736.691992999986
3190.960940000019
3724.3394859999826
3135.36838
3749.662655000022
3531.1065219999873
3836.295167000004
3701.385303999996
3744.807346000016
3544.5448529999703
3606.483278000029
3429.9650029999902
3292.5632179999957
3111.846405999997
2970.814509000018
2921.247873999964
2979.5840390000085
4348.433714000013
3105.9868279999646
3152.5977920000732
3269.723893999995
3678.0150639999774
3713.4219579999917
4016.2545159999863
2915.915318000014
3028.7659049999784
3121.1194910000195
3529.4835709999898
3629.0858760000556
3105.6400409999187
3218.256320000044
3672.1976090000244
4237.511235999991
3930.1317419999395
3786.161211000057
4225.64280599996
3267.86896599998
3031.7115740000154
3002.3885149999987
3379.473883000028
4226.830190000008
3679.5158509999746
3745.084101000044
4083.8847349999705
3757.931601999968
3618.5604660000536
3178.2760239999625
2790.346983000054
3213.324002999929
3446.02039400005
4213.98404099996
4155.737865000032
4757.502709999972
3500.411699999997
3676.2350650000153
3631.6826379999984
3639.7991960000363
4366.071949000005
3417.839052999916
2958.2763060000143
2858.1512130000046
3463.8599440000253
3998.301363000006
3174.20253400004
3654.969876999967
3065.9722159999656
3206.8867740000132
3748.8732370000216
3541.882447000011
2745.0149429999874
2798.980954000028
2615.837271999975
3436.0900939999847
4292.696947000048
3616.584366999974
4069.263318000012
3851.8848639999633
4549.1599930000375
4216.645533999952
3882.6615200000233
4022.392148999963
3395.4187550000497
3178.685906000028
3348.6034949999303
3903.8495450000046
6138.889757000026
5256.750337000005
4660.553125999926
4019.1674620000413
3937.8803490000428
3313.706227000046
3492.3897659999784
3567.103607999976
3216.7606760000344
3776.955190000008
3600.2601509998785
3538.288128000102
3633.121230999939
3897.618033000035
4626.6279159999685
3647.8143990000244
4104.461583999917
3645.279068000149
3414.129755999893
3060.7285869999323
3059.4849730001297
3582.3569030000363
3192.2397449999116
2953.2077539999736
3276.0841340000043
3770.41888500005
3267.852199999965
3061.5433800000465
2932.1273860000074
2854.279184999992
3573.240640999982
3920.435840000049
4147.432233999949
4019.893694999977
4935.24032099999
3627.8916560000507
4980.060567999957
3219.424826000002
4155.542445000028
4317.563695000019
3778.2657519999193
3091.4967590000015
3491.662471000105
3157.9328939999687
3618.6326030000346
3223.35671299987
3572.9674950001063
3134.836990999989
2930.936769999913
2959.819802000071
2911.109265999985
2700.179521999904
3386.7959900001297
3637.611065000063
4136.626296999864
3625.276124999975
3708.8662130001467
4170.629509999882
3316.3077720000874
2958.524102999945
4416.72465800005
4010.931845999905
3125.6958790001227
2835.226208999986
2974.405616999953
3572.8245380000444
3376.9330569999292
3618.9764079999877
3718.539791999967
3417.474870000151
3331.179865999962
2969.463640999864
2714.17980500008
3051.967192000011
2725.250403000042
3203.08421599993
3279.8831710000522
3541.232114000013
3059.4529270000057
2702.593828999903
3451.655541000073
2901.4733240000205
3737.8715329999104
3706.3076989999972
3052.4581430000253
3093.216388000059
3040.9034449999453
3140.4614210000727
2894.315880000009
3559.2173750000075
2620.587101999903
3251.2323940000497
2882.5598340000724
2383.3399169999175
3514.259462999995
2932.024839999969
2808.226098000072
4210.690159999998
3987.5305179999996
3348.891150999996
3289.2355580000076
3826.3310740000015
4112.360301999994
3336.711783999999
3269.257619000011
3917.4494410000043
3199.476426999987
4169.026461000001
2553.700901999997
3259.371524999995
3419.0924940000114
3646.1559029999917
3923.7866809999978
4474.926074000017
4351.958450999999
5202.7726559999865
4996.559114000018
3584.163639999999
3545.6008909999946
3512.3612649999995
3631.3473269999813
3794.73088800002
3667.3425569999963
4140.930294999998
3776.3426769999787
4138.909985000006
3374.0000550000113
3850.0147180000204
3397.4332359999826
4024.7886520000175
3596.9798639999644
7607.345984000014
4332.736616000009
5972.763754999993
4105.22206
3944.9139770000183
4120.102097999974
3637.376990000019
2976.138373999973
2976.7536550000077
3160.3217850000074
3215.7033660000016
3570.9290610000025
3282.275255000015
4632.345067999966
3854.9814060000062
3724.5680100000172
3571.996518
3232.9318699999712
3989.174669000029
3904.6539799999737
5148.4775720000325
4210.17792300001
4371.470529999991
4162.105951000005
4547.438852999941
4292.983408000029
4503.364023000002
4004.456477000029
3708.2705229999265
4320.298128000053
3906.6455740000238
3853.7397429999546
4676.052986000024
4098.957793000038
4743.908262999961
3628.728412999946
4449.607398000022
3801.9475990000064
4359.502674000047
4124.7003879999975
4347.61237399996
3306.1595780000207
3916.756701999984
3941.0545320000383
3773.6818160000257
4074.3262039999827
2955.11188099999
2997.10196499998
3351.90396700002
3315.066143999982
3589.0309189999825
3821.5859289999935
3979.6418619999895
4299.304921000032
5284.573498999991
3943.380055000016
3440.5861779999686
3554.119803000067
3648.233305999951
3717.6891540000215
3241.9934609999764
6617.486361999996
4718.74280800001
4987.965586999955
4096.736654000066
4228.9915099999635
4214.669033000013
3284.5210160000133
3570.0608629999915
3093.471244000015
3516.923875999986
3797.738850999973
4696.207602000039
3642.3661409999477
4806.672012000054
3454.760857999965
2899.859087000019
3474.509245000023
3847.7596259999555
3436.5051310000126
3323.47659700003
3749.8577599999844
3631.243185999978
4467.589541000023
3404.816752999963
3414.386136999994
4186.749895000074
3234.709555999958
3196.089019999956
2907.0570060000755
5157.21044699999
3208.4608950000256
3391.0475179998903
4142.61717400013
3316.933183999965
5777.201113999938
3303.735141000012
3105.347223000019
2811.742489999975
3415.7771530000027
6009.601464000065
4819.658392000012
5860.272443999886
4409.389142
3421.2030230000382
4069.097865000018
4670.297015000018
2916.316082000034
3242.971765999915
3119.7960739999544
3387.882327000145
3273.8683099999325
3663.373474000022
4248.541174000013
4086.8913559999783
4748.119670999935
4231.064653999987
3452.4992600000696
3486.5725109999767
3293.778982000076
3552.3597270000027
3684.6573389999103
4066.780819000094
4285.063866999932
4124.641525999992
4179.944791000104
3399.5477449998725
3953.7982780000893
3647.512444999884
2863.4854530000594
3042.062217000057
3274.3443759999936
3094.677660999936
2880.994079999975
4265.5303210000275
4666.002316000056
4767.3533060000045
6160.4172719999915
3934.421708000009
3906.1328149999026
3802.703731000074
4284.754535999964
5173.173368000076
3521.920075999922
3416.621143999975
8712.641058000037
6492.794338000007
3986.4340130000055
3674.235879999993
2975.6542740000004
3106.565158999998
3154.0386710000093
3303.9099750000023
4028.880053999994
4200.069109999997
3724.1542920000065
4480.1393830000015
3120.4504149999993
3137.259561999992
3023.269411000001
2917.416716000007
3057.858349999995
3564.7570169999963
7806.37917700001
15282.072583000001
3698.26800299999
3215.8910410000244
3611.145386999997
2944.302140999993
2883.544285000011
2914.1874039999675
3363.4998270000215
3382.0577979999944
3011.604059000005
3152.909847999981
3550.053728000028
3938.2878710000077
3257.439020999969
3508.692367999989
3286.6953310000245
3553.2925530000066
3210.746110999986
3373.870655000006
4965.030348
3855.163618999999
3676.1374319999886
4734.139231999987
5290.209621000016
3551.1432220000133
3162.2165370000002
3488.798236999981
2989.27657300001
3129.4797569999937
3506.5409400000062
4266.221191999997
4016.4848120000097
3859.979741999967
3519.3857310000167
3327.0090260000143
2965.2465889999876
3277.223293999996
3079.3778409999795
5007.812717000052
3238.5689520000014
3583.2826059999643
3875.3870330000063
6626.750569000025
3778.780047999986
3547.1964019999723
3670.9442450000206
4243.475436000037
3894.0543910000124
3290.4118769999477
4948.456682999968
4324.311227000027
4324.109990999976
4455.7185380000155
3779.8786190000246
3200.29118999996
3002.65657000005
3422.7165030000033
4728.861352999986
4630.527116999961
3784.244990999985
4313.699531000049
4142.24702000001
4513.437002999999
3896.0600609999965
4183.819713999983
3629.5007430000114
5589.242228999967
2971.284556000028
3809.8168139999616
3582.6849590000347
3283.435574000003
3516.9969939999864
4200.000516999979
3351.481884000008
3411.6209410000592
2931.9627730000066
2831.0332139999955
3053.4424279999803
3554.1664109999547
3443.885104999994
4185.882593000075
3636.307764999976
3195.2583729999606
3620.093881000008
4917.112742000027
3722.7911159999785
3512.8156249999884
3344.511336000054
3462.8463350000093
3489.919949000003
3761.6404829999665
4988.981015999976
5243.133253999986
3371.2136630000314
4100.99919500004
3100.7714979999582
3376.283279000025
3049.402110999974
3079.73480200005
3187.335391999921
4013.0660830000415
4205.338714000012
4662.635496999952
3406.194841000077
3424.051398999931
3196.957343999995
5765.451364000037
4294.064168999903
7263.547327000182
3307.1298079998232
3092.066242000088
3493.1193839999614
4447.170057000127
3431.177692999947
3735.638634999981
3269.869548000046
2921.6175199999707
3113.596079000039
3313.82876399986
2933.389126000111
3467.890342999948
4666.531058999943
3996.8810620000586
3929.247944999952
3735.9226620000554
3988.3444560000207
3898.823396999971
4504.902275
3821.98791799997
4566.706237000064
3860.1588579999516
3718.3304550000466
3448.02328199998
3577.494934999966
3675.889608000056
4450.996654999908
3035.2268110000296
2888.3289809999987
2988.8483290000586
2738.7063710000366
2817.1229250000324
2784.9456399999326
3038.891581999953
3617.586256999988
3494.015595000121
3122.3302769998554
3284.9754459999967
3531.3688550001243
3763.2696499999147
3134.904220000026
3116.237251000013
3821.8914829998976
3631.686677000136
4635.8825679998845
2970.551151999971
3417.879273000057
4453.586398000014
3144.9562720000977
4233.343477999908
3759.7105340000708
3221.704740999965
3122.9886509999633
3161.057897999999
3045.9791620001197
3502.6663679999983
2870.359371999999
2999.3733619999985
4232.649765000002
2732.7629330000054
2916.783445999994
3656.911141000004
3147.3817370000033
3357.3784069999965
3024.8920459999936
2848.152300000009
2725.057658999991
2888.0481699999946
3141.129725999999
3254.339206000004
3519.5010420000035
3122.8193619999947
3155.459889000005
2753.380575000003
2804.6259759999957
2711.374213000003
3972.1088059999893
4312.285659000016
3392.1415899999993
2849.596590000001
3222.8061289999896
2976.809889000011
2886.8769179999945
3310.0713359999936
3111.2451830000064
3015.544292999999
3144.808534999989
2980.576233000029
2917.2460079999873
2769.245838999981
3142.68184200002
2806.4374160000007
2355.8707899999863
2750.457832999993
3131.4794840000104
3164.37493000002
3429.273902999994
3405.2111349999905
3292.617186999996
2786.319340999995
2920.695356000011
3219.023423000006
4029.4128400000045
4066.136516999977
3131.6859580000164
2905.635223999998
3417.8530709999905
3159.4300839999923
3097.167791999993
3168.703312000027
3221.1357459999854
2825.228078999993
3103.4237490000087
3174.1607680000016
3103.2914820000005
4042.3819559999974
2728.1827590000175
2919.5011279999744
2867.6018210000184
3064.610637000005
3140.9075040000025
3163.9519779999973
3416.254058999999
3695.335331999988
2748.5609480000276
2745.4554009999847
2904.395415999985
3466.7478790000314
3114.7521889999916
2746.6338769999566
3017.6599370000185
2922.0872540000128
2833.930024000001
2827.480574999994
2836.865405999997
2832.367698999995
2853.9105989999953
2951.362392000039
2814.153399999952
2696.5726740000537
2792.1547189999837
2816.168408000027
3138.0368939999607
3036.369684000034
2951.636957999959
2897.2825460000313
2772.6618899999885
3000.9256220000098
2760.7322729999432
2787.21919100004
2737.4582439999795
2923.2829450000427
2921.92758899997
2792.17770499998
2719.736818000034
2862.951105999993
2808.325397000008
2817.0219149999903
2709.6527999999817
2864.639514999988
2713.214349000016
2993.12829600001
2813.449948000023
3099.202862999984
2897.977353000024
2945.6332109999494
2830.034735000052
2770.836797999975
2952.6318149999715
3120.383012000064
2878.346574999974
3187.0100469999597
3616.821645000018
3155.1457300000475
2982.267094999959
2947.797718000016
3202.550297999929
2876.3332060000394
2764.3625560000073
2820.8552739999723
2943.976279000053
2701.6820999999763
2680.053503000003
2745.4122779999743
2760.8259720000206
2882.9983669999638
2764.491282000032
2720.651708999998
2623.604553000012
2763.9607650000253
2757.344760000007
2862.579047999985
2764.248159999959
2801.255337000068
3113.870149999915
2841.589922000072
2828.7481759999646
3389.0191489999997
3946.3800119999796
3371.323349000013
3417.738763000001
3519.3018320000265
2893.1423230000073
2773.6538149999687
3083.2878260000143
2752.25364499999
2804.8483069999493
2687.7477390000713
2706.3552299999865
2570.935974999971
2733.8901460000197
2629.268490000046
2954.9100389999803
2689.592414999963
2779.6896239999915
3101.917117999983
2799.20275200007
2626.934492999979
2662.7998949999455
2888.9112940000487
2875.842952999985
2886.6887850000057
3359.382038999931
3989.1044050001074
3112.218409999972
3708.4241979999933
3378.9782689999556
3397.2368440000573
3633.5634230000433
3058.538608999923
3081.2590480000945
2913.886536999955
2730.16472599993
2898.612709000008
2772.1097990000853
2848.5878109999467
2753.1647400000365
2984.962967999978
2659.4968910000753
2873.912590999971
2873.7096949999686
2680.43711599987
2958.0393240001285
2722.200285000028
2834.6116809999803
2830.149664000026
2670.402155000018
2586.5244869998423
2740.255150000099
2732.360001999885
5207.463708000141
3561.314158999943
3116.4981430000626
2918.6537209999515
3014.023984999978
3219.102515000035
3519.132629999891
3116.562542000087
3082.103019000031
2685.961812000023
3083.8197010000004
2787.8036239999346
2614.576817000052
2923.1310999999987
2608.3037429999094
2550.5978780000005
2610.8515540000517
2705.0014900000533
2756.394077999983
3090.234819999896
2903.857016000082
3462.179301999975
3146.5114220000105
3417.2134330000263
2809.784820000059
3309.713151999982
3608.817294999957
3671.091740999953
3180.965944000054
2973.9535939999623
2984.140129000065
2808.0218069999246
3765.9733850000193
3065.981972999987
4258.712452000007
3365.1720409999834
3382.419990000082
3911.3160039999057
3218.7772279999917
3062.7723930000793
3111.47435699997
3414.0266099999426
7318.071026999969
3312.4933090000413
3548.117443000083
3864.719868999906
2880.012250000029
3592.8614690001123
3884.93737900001
3336.882337999996
3960.3610939999344
3854.6423699998995
3564.4284490001155
3229.0698240000056
3308.7847039999906
3759.589807000011
4105.592237000004
3678.4814899999183
3139.8317869999883
2885.330883000017
2731.985788999984
3023.81435700001
2956.445366
3252.044845999975
3593.8493980000203
3511.0999210000155
3303.1073549999855
3708.3949100000027
3490.1978439999803
2921.8364380000276
2976.8755819999787
2818.6109880000295
2743.2568519999913
2589.6829309999885
2621.5386589999835
2823.839674000017
3165.794238000002
2698.572553999984
2782.0181880000164
2699.090322999982
3201.4248910000315
2761.9331249999814
2924.5588980000175
4379.175239999982
4141.769207000005
3327.8112320000073
3698.85546099997
4011.992304000043
5535.399761999986
4444.822027999995
3667.812436999986
3320.0102060000063
3639.2602610000176
3498.322027999966
4217.009299000027
4446.063735999982
3536.065892999992
4180.900377000013
3536.012529999978
5653.120993000048
4262.211207999964
4188.116992000025
4098.68190299999
5782.105821000005
3773.0805079999845
5269.901918000018
5514.2055369999725
7709.844100999995
5078.588671000034
4124.096537999983
4388.4487279999885
4240.031788000022
3567.779809999978
3992.3969300000463
4210.536025999987
3686.255265999993
4250.359646999976
3883.3066880000406
7260.191876999976
4350.143205999979
4797.179868000036
5217.5064400000265
5166.763548000017
5175.296959999949
4957.85174100002
4916.782480999944
5506.393751000054
4918.500011999975
5819.465633999964
4238.562598000048
3848.2868269999744
4763.138393000059
4359.119364999933
4599.17722100002
17444.639213000017
13634.561018000008
15460.793126999983
8588.74961900001
3513.2726170000387
5265.441357999924
4673.5920260000275
3749.755460000015
5562.415643999993
6207.459078999993
4196.44618499995
5948.209095000057
21272.39825300005
8692.405796999927
5620.316892000032
6353.176417999901
4085.0562650001375
4234.925288999919
5282.015157000045
6824.88563699997
6585.714312999975
4758.637687999988
4932.363061000011
5632.181923000026
4586.170087000006
4832.760878000059
3975.500987999956
4226.990960000083
4039.39355599985
4052.2031800000696
4270.304604999954
4435.629140999983
3977.2508659999585
3588.699428000138
4020.895863999962
4592.781679000007
6656.761097999988
5927.937027000007
6300.329939000076
4765.579107999918
3852.742207000032
4126.515708999941
3339.9666669999715
4478.203453999944
3373.385040000081
4042.724635999999
4661.146316000028
4932.797863999964
9926.098225000082
4526.448377000052
8102.688012999832
5741.648938000086
3677.384752999991
3951.10025899997
3603.4919590000063
3195.8335140000563
4668.089357999968
4845.969639000017
4209.410130999982
4724.498709999956
4978.904182000086
4080.390158999944
4208.673352000071
5147.611284999875
5371.217249000096
5684.261977000046
5489.777475999901
3026.05064999999
4656.096338000032
4769.958787999931
5223.361093000043
5310.256502000033
3698.172139000031
4649.110608999967
11476.819750999915
4641.4788230000995
3162.48491800006
3180.987989999936
3869.6801329999
4658.462051000097
5529.747172000003
5481.228710999945
5396.083558000042
4105.06980399997
4107.3691980000585
4527.99159599992
3897.404094000114
4300.686870999867
3889.0645700001623
3681.643460999825
3872.208944000071
5194.877654000069
4752.96584599989
4190.215500000049
3253.3936780000804
4351.376012999914
3699.7885369999567
4332.040161000099
4011.6870309999213
5684.96123799996
4299.118698000093
4587.274306999985
6181.951101999963
6104.792802000069
4592.651833000011
4212.276097999886
3984.8847199999727
3906.4253190001473
4353.990220999927
3665.344432999962
4447.156048000092
5379.00709999993
4431.998366000014
3762.402552000014
3519.068742000032
4008.256858999841
3438.9366810001666
3973.985694999923
4954.0102650001645
3089.804906999925
4086.997907999903
4805.870670999866
3758.8662240000012
4021.090776000001
4429.1919320000015
4207.353947
3662.0097739999983
3750.142160999996
3089.9221120000075
2761.3916129999925
4210.8630760000015
5145.920722000003
5594.001715999999
4749.810992999999
3834.7858940000006
3309.0466339999984
5350.604316000012
3820.6814139999915
4296.874480999992
3605.6584440000006
3563.1416360000003
2948.1158209999994
3426.1754590000055
4452.631060999993
3756.7345639999985
3712.2585020000115
3542.858508999998
3672.1437110000115
3313.4432969999907
3512.1769529999874
3746.4051590000163
3881.397705999989
4055.521642000007
4070.012351000012
3402.775958000013
3017.035989999975
3260.5446640000155
3591.549224999966
4554.171556000016
3804.7040740000084
3874.019312999968
3860.3275110000104
3344.8766180000093
3947.0317970000033
4436.164661000017
4479.643295999966
3775.0190890000085
3624.1570070000307
3388.350917999982
3828.376054000022
3646.6221559999685
4830.399727000011
4781.864192999987
4687.625843000016
3992.26357499999
4021.6304340000206
5952.150357999984
4764.456356999988
4257.996097000025
5300.664576999989
4242.692486999993
4247.603366000025
3474.460890999995
3701.998065999971
2997.73904700001
3656.23753100005
3444.799609999929
3666.550321000046
4271.364223999961
4778.587844000023
9161.261176
7496.306932000036
3559.5176829999546
4811.205790000036
9195.514659999928
3907.1237730000285
3644.380293999973
5302.974031000049
4331.896598000021
5566.698019000003
3664.824036999955
5842.913214
6641.940610999998
8302.935870999994
4618.193666999985
4432.276844999986
3122.3786750000436
4276.995831999986
4670.182433000067
5084.144751999935
4271.381966000015
5821.459434999968
6167.1408980000415
4738.768645000004
4794.981499999994
4113.1827350000385
3244.2840859999415
3156.288728000014
3381.2732110000215
3779.1464759999653
4653.351599000045
5775.296448000008
5899.955977000005
3581.1501899999566
4055.644154999987
4089.324379000056
4766.847828999918
4625.530981999997
3649.3211140000494
4108.085066
3908.4582069999888
7609.15806799999
4448.443945000006
4122.344343999983
4859.126833999995
3778.6725769999903
3507.5050130000454
5616.817665999988
5856.618687000009
6112.942890999955
4960.9053380000405
6148.566519999993
5141.912600999931
4085.9168200001586
3643.608947999892
10051.679495000048
6369.858722999925
5552.327647999977
4318.158885000041
5076.682414000039
4193.406348999939
5779.287401000038
8516.061702999985
4228.778978000046
3611.238043999998
4920.666348000057
4981.039956999943
4879.708020999911
5383.516756000114
4232.646079999977
4001.916734999977
3933.9139260000084
3647.257443000097
5564.324056999874
5654.550281000091
3622.5429639999056
3801.140659000026
4632.264895000029
3811.2167879999615
4154.4338140001055
3588.408504999941
3725.0337520000758
3617.244812999852
3682.2931060000556
3889.0825810000533
3522.5203200000105
3586.694227999891
3042.8164230000693
3447.575709999888
3382.681532000075
4216.8189860000275
4395.0399019999895
4391.671846000012
4097.931617999915
4718.219686000026
4423.357849000022
5041.404088000068
4165.99778399989
4913.668946000049
4913.2623840000015
5252.038891000091
5211.4601479999255
4748.433773000026
4401.785146999988
4571.120171000017
5043.949073999887
4960.757746000076
4954.245241999975
4872.1746120000025
5135.396090000053
5817.654611999984
4609.326253999956
5182.551321999985
5434.356866000104
11627.641925000004
4495.694144999841
3909.64153100003
3555.99365700013
3868.428656999953
3759.9389309999533
4216.478863000055
4005.9909619998652
3869.3073000001023
3975.5956640000004
3995.548114000001
3071.6725929999993
2705.900428000001
2813.1705310000034
2885.341511999992
2494.874382000002
2472.2442139999985
2821.258151000002
3606.087827000003
3676.9120330000005
5294.696229000001
4534.977351000001
4063.785674999999
4320.381158000004
3585.3813399999926
4224.047412
5720.550191000002
3710.772370999999
3891.1745939999964
4636.708732999992
6407.321504000021
4097.751571999979
2937.0492640000157
2921.403134999986
3051.1857290000044
3260.8715990000055
3778.6827909999993
3782.407582999993
4015.386414000008
3953.315862999996
3839.6196969999874
3488.3403390000167
3090.164362999989
3549.9710750000086
4035.956275000004
4162.097515000001
4729.752959000005
4391.843059999985
3511.4449569999997
6424.547953000001
4426.6949770000065
3974.6079420000024
3917.059150999994
3833.1766139999963
3149.8001839999924
3235.39654300001
3297.8246490000165
3979.554822999984
3640.4035679999797
3868.005164000031
4263.489785999991
3851.892848999996
3436.695964000013
3752.8952519999875
3804.5068369999935
4270.69971700001
3669.1198380000133
5249.568113999994
3765.7281359999906
3707.1840770000126
5220.371949999972
4734.859441000008
3542.9137869999977
3685.23081800004
3790.385138999962
4695.471533000004
3573.126913999964
3836.2676070000743
3202.904410999967
3190.008958999999
3265.4958699999843
3722.839713000052
3354.892674999952
3171.9210940000485
3980.8087159999995
3854.37694799999
3986.3562529999763
3481.6117530000047
3468.804975999985
3152.1934529999853
3540.8742840000778
3307.5343569999095
4581.219332000066
3604.905080999946
4181.802080000052
3148.776435000007
3390.597209999978
3035.870441999985
3476.540454000002
3364.199817000015
3684.361684000003
4271.1657329999725
3947.5476730000228
3939.220412000024
4080.4432319999905
3637.5197990000015
4760.843511999934
4556.059027999989
3467.2979640000267
3876.5985670000664
3540.517853999918
3532.6558610000648
3604.993223999976
4735.5439899999765
4807.091836000036
3832.0015499999863
3217.3356449999847
3433.91432900005
3095.6530979999807
3789.690913999977
3456.824889999989
3972.477939000062
3649.996107999934
3552.041602000012
4856.536895000027
3403.9331679999596
3909.0255330000655
3922.033664999937
3945.174996000016
4081.860816999979
3607.080927000032
4525.475373999972
4438.159288000024
4417.244963999954
4362.5628750000615
4595.979722999968
3019.0504100000253
3171.3047190000652
2988.778764999879
3395.932671000075
3264.3877619999694
3605.3873770000064
4050.027365999995
3594.5257409999613
3707.731763000018
3718.2864800000098
4114.352086000028
3785.384675999987
3811.7379429999273
3311.1761200000765
3216.3681919999653
3324.8419190000277
3662.2487239999464
3421.16848400014
3363.775353999925
3473.85468400002
4820.5163579999935
4019.2469859999837
3090.090852000052
3074.954648999963
3117.9212309999857
3779.2652959999396
3787.0989280000795
3650.664615000016
5172.905587999965
4924.05613599997
3552.995585000026
3037.4413629999617
3059.8104560000356
3177.3594409999205
3044.9636290000053
3297.0840640000533
3103.751074000029
3135.405185999931
2971.951233000029
4449.619232999976
4646.030056999996
3778.2461200000253
4102.42276300001
4650.066915999982
3385.9917900001165
3509.371352999937
3317.2935900000157
3760.4817249999614
6689.655185999931
5759.811412000097
4074.5161179999122
3739.024597999989
2814.9401360000484
3358.811284000054
3425.262768000015
5174.061075999867
4187.5530900000595
3829.114325999981
3661.772204000037
3298.0619019999867
3281.781643000082
2894.190518999938
3085.82618199999
3272.1299860000145
3207.9987889999757
3504.207780000055
3573.7935849999776
3405.567150000017
3497.3533290000632
3426.060819999897
4206.2357449999545
3427.130116000073
5487.160126999952
3577.5282010000665
3649.033965999959
3433.6715809999732
3809.4757940000854
4195.917940999963
3757.73259099992
3354.6057060001185
3780.0246059999336
3364.409868000075
3812.7426539999433
3630.138401999953
3293.3446819999954
3150.3229399999836
3336.4838200000813
3389.747284999932
3562.484939999995
3729.807085000095
3368.0452110000188
4698.044954000041
3731.796667999937
3861.638559999992
5386.048423000029
3713.4723809999414
3445.535031000036
3931.512764999876
4648.22238000005
4434.842179000028
5020.246659000055
3768.3180369999027
3538.8851860000286
3382.142142000026
3514.6110920000356
3428.25950299995
3411.0823129999917
3458.839924000087
3667.6625999999233
3437.3952229999704
3916.279011000064
4188.767041999963
3724.5142650000053
4183.669268000056
3853.9539279999444
3165.170451999991
4147.775364000001
3571.822237000102
3574.1508959999774
3998.64807799994
3956.936374999932
4419.324695000076
3753.517384000006
3329.0258550000144
3158.4265189999714
3264.2719649999635
3250.709457000019
2827.8116170000285
2824.149145000032
3382.8046280000126
3173.1127049999777
3156.5118850000435
3175.6451339999912
4546.478070999961
3673.1801649999106
3837.4562040000455
4040.8313250000356
3549.298378999927
4733.610052000033
2831.036565000075
3639.510942000081
4445.082491999958
3757.732895999914
5275.529819999938
4253.744747000164
3067.8112109998474
3140.2892549999524
3313.400876000058
3326.0823050001636
3407.2107829998713
3156.263164999895
3091.038201000076
3372.289332000073
3102.6228770001326
3501.7391979999375
4000.135888000019
3669.534474999644
3373.8587790001184
3803.9050610000268
3332.386606000131
3171.094449999975
3027.1664889999665
3313.4844080000184
4564.849282999989
3431.2512649998534
3641.1331150000915
3677.050580000039
3288.8325640000403
3379.8240819999482
3533.747202000115
3106.5939169998746
3433.0397200000007
3084.8266420001164
3040.1062029998284
3058.3277810001746
2959.251947999932
3429.0755239999853
4002.0547690000385
3871.656131000025
3902.674988999963
3706.9766170000657
3923.403689999832
3306.569787000073
3144.370220000157
3205.12608799967
3719.3004270000383
4754.468331000069
4636.197085000109
3949.075843999861
3374.117218000116
3105.5759419999085
6754.377850000281
3025.326387999812
2669.96407300001
3126.906012999825
3081.222766000079
2855.273791000014
2961.526018000208
3568.0421839999035
3604.427835999988
3917.69061099994
2993.166290000081
4059.250550999772
3615.615683000069
3416.547938000178
2913.3152089999057
2525.072847999865
3361.7864200000186
3771.8978480000515
3681.0262980000116
4257.537106999895
3646.542143000057
3713.960347000044
3630.010703000007
3659.2405459999572
3341.4660350000486
3571.6572509999387
3169.7933739998844
3238.4472230002284
3975.2404089998454
3507.4079030002467
3671.9304489998613
4657.043835000135
4222.84727599984
4271.252475999994
4751.752647000132
3507.635061000008
3601.2832069997676
3737.0448100001086
4180.478500000201
4126.534242999973
4125.258374999743
4729.120034000138
3603.5061339999083
3146.440440000035
3136.9750419999473
3125.0226850002073
3212.423077999847
3263.7106480000075
2871.534145000158
3126.6928469997365
3072.5207660000306
3789.0265540000983
4658.871438999893
4553.235906000249
3970.8864710000344
3949.3075719999615
3108.8904579998925
3073.3355399998836
3491.637509000022
3916.805131000001
3330.6682050002273
3735.573650999926
3936.9135389998555
4194.646448999876
4281.661353000207
3261.5128450000193
3104.0544380000792
3028.5669390000403
2986.636867000023
3488.119888999965
3603.8463809997775
3143.5167030000594
3897.7984020002186
3611.418311999878
4639.95879399986
5237.591084000189
3380.926225999836
3176.6456870001275
3053.180212999927
4159.980765999993
3731.3223570000846
3905.796182999853
3711.9739510000218
3854.1360330001917
4685.459211999783
3747.2250099999364
3280.3970580000896
3280.9642480001785
3403.8081119998824
3281.418803000124
2950.3505420000292
3475.4355169998016
3323.808407000033
3687.6005579999182
3219.4022420002148
3918.6949189996812
3708.3593520002905
3823.5093499999493
4340.170830999967
3959.8351689998526
4930.259424000047
3914.317393000005
4078.4284870000556
4349.478271999862
3595.6643199999817
3732.1200480002444
3757.6901909997687
3178.181470000185
3490.0619779999834
4440.738425
3921.045846000001
3967.998940999998
4429.1881580000045
3274.0185560000027
2505.478117999999
2633.074882999994
3780.2534069999965
2910.8413930000097
3488.2729909999907
3639.1802680000037
3268.69069399999
2892.206541000007
3032.5933680000016
3155.711316999994
4805.355008000013
4128.128686999989
3864.4030800000037
4003.252379999991
3743.0675800000026
2813.6881300000096
3117.6716089999973
3250.4552919999987
3435.0530220000073
3376.1694909999933
3826.482355
3252.3442910000012
3287.005103999996
2916.299570999996
3784.6897219999955
4449.382034000009
5160.049013000011
4161.773952999996
4912.436891999998
4181.547168999998
4398.290599
3807.95814599999
5135.321244000021
4156.586397999985
3667.7954439999885
3483.7660290000204
3408.093848999997
5325.828857000015
4023.535004000005
5222.734939999966
3662.175457000034
3807.6068119999836
3367.7669490000117
3917.463939999987
4550.226093000005
3698.923829999985
4333.221500000014
5356.25396099998
4544.244692999986
3439.640511000034
3866.925374000013
4721.543876999989
3685.5729160000046
5350.170319999976
3591.0746029999864
3469.985446000006
4225.914526000037
4818.364408000023
5057.955436999968
4417.707869999984
3832.9461369999917
3806.8860540000023
3490.020033000037
3766.8248380000005
4248.18236799998
4189.832750000001
4669.895355999994
3844.2408440000145
4724.812457999971
5238.302318000002
3725.9458999999915
4738.305614000012
3638.509741000016
3862.986153999984
3754.0542890000506
4656.151088999992
4350.529715999961
6775.9119630000205
3817.9274739999673
3610.8475320000434
6471.2167400000035
5271.676709999971
4404.222668999981
3736.046711000032
4129.864231000014
3353.366731999966
4514.729856999998
6385.331300999969
4676.7820730000385
3882.307162000041
3522.531774999923
4615.579996000044
4249.191740999988
4356.956844000029
4691.856386999949
4183.1651690000435
3335.4749329999904
3522.7163329999894
4074.5765939999837
4411.510549000057
4464.391614999971
4323.6859360000235
4249.608488999947
3416.2189479999943
3298.0706580000697
4600.399617999967
4118.697446999955
4314.113390000013
3903.8392100000056
3230.5768999999855
3079.1798019999987
3630.606366000022
4870.695027999987
4154.377609000017
4086.035641000024
3739.9179619999486
3373.530284999986
3708.9791790000745
4694.010360999964
3769.3906920000445
3916.9665719999466
4028.9532269999618
3409.6332890000194
3158.7790939999977
3211.081154000014
4343.384405000019
4685.823520999984
4806.920771999983
4283.919304000097
3495.719550999929
3256.111721000052
3965.7675259999232
4831.368177000084
4659.221375999972
4238.311987999943
3648.090046000085
3499.6660889999475
4615.341673000017
4652.988588999957
3927.9315050001023
4016.5415069998708
3825.2948200000683
3282.8739620000124
3611.3360970000504
4543.3734669999685
4752.020357000059
4298.596348999883
4201.9416160000255
4155.319136999897
4784.579886000138
4180.400041999994
3611.380111999926
3937.231836000108
3864.894064999884
3613.5414480000036
2521.053437000024
2816.6461789999157
2887.9650530000217
984.5100020000245
2223.4667860000627
1530.6679210000439
1988.2304599998752
1514.3619190000463
2099.9379840000765
1098.0652049999917
2537.012546999962
3348.982679000008
2955.408643999952
3312.569304000004
2824.020419999957
4909.770116000087
1203.1830409999238
2469.8757310000947
1195.312494999962
2697.0063360000495
3992.1838060000446
3549.6545269999187
4601.435000999947
2810.1592570000794
5078.9461349999765
2672.492634999915
3917.9084250000305
3171.6690080000553
3224.2702680000803
3997.68452000001
3015.927212999901
4569.641210000031
3109.6200160000008
4274.761816999991
3118.357281000004
3841.4797259999905
3057.0754149999702
2965.565018000081
2299.8459459999576
5281.0248389999615
4069.6928250000346
3345.26133499993
2544.2231009999523
1474.8224150000606
2174.4200539999874
1168.67481700005
2421.8563670000294
1312.3529079998843
2125.9658220000565
2526.0153200001223
1223.0667319999775
2188.4220129998866
1956.7849220000207
1741.421612999984
2032.2879430000903
1628.8645339999348
2424.9399439999834
2559.926015999983
2630.649119000067
3848.458011999959
4010.943446999998
1330.818244000082
4312.9924850000025
4462.138770999998
4923.387286000005
3646.393637999994
4427.168449000004
4122.4403200000015
4623.767437999995
3850.0955930000055
3885.614502999997
2921.9276189999946
3003.9270079999988
3336.857938000001
3456.682150000008
3362.5500170000014
3834.210766000004
4485.185664999983
4873.6879120000085
6154.183686999997
3877.9964409999957
4006.440535000016
3690.5801909999864
4998.922840000014
3578.367610000001
3380.7462199999864
3705.6606800000154
4434.787812999988
3652.8253129999794
4211.572334000026
3827.9409760000126
3807.4782870000054
3169.3090479999664
3555.076497000002
3459.404118000006
3411.4960180000053
3917.6502779999864
4052.6844550000096
3912.051477000001
3661.869165000011
4512.880738999986
3707.4759650000196
3253.3220659999643
4083.9292500000156
3796.773241000017
3605.299963999976
3242.7698939999973
3406.524237000005
3663.7384230000316
3706.2794289999583
4079.426867000031
4739.418994999985
5051.681237000012
2999.2315869999875
3515.9031180000165
2946.1520449999953
3200.159734999994
3904.304726000002
4913.450175999984
3742.3214050000242
3306.7245569999795
3998.021882000001
3623.227044999978
4013.999949000048
3353.750394999981
3839.631759000011
3060.2118449999834
3812.443054000032
3511.7091109999456
3789.032031000068
4117.797275999968
4204.130459999957
3762.6476629999815
3705.1064130000304
3269.381768000021
3867.7665679999627
3333.1668560000253
3581.4979309999617
3561.227983000048
4517.084948000032
3814.5536229999852
4242.725038999983
4135.6951559999725
4079.6504040000145
3708.1663340000086
4354.780953000009
4184.211412000004
3535.7721739999834
3403.072979999997
3382.1744569999864
3686.2498340000748
4703.478584999917
4224.937565000029
4093.8940580000053
3481.574550999969
3084.5178700000397
3195.9262600000366
3269.4114849999314
3935.2565780000295
4093.6698809999507
3756.6756969999988
3347.2339090000023
4066.993327000062
5207.808847999957
4194.995341000031
4150.574222000025
3646.352794999955
3545.981141000055
4051.148443999933
3560.82832900004
3454.0509099999326
3970.2837890000083
3640.074789000035
4119.304598000017
3586.6466229999787
3305.4351650000317
3497.064574000018
3246.550875999965
3129.4672920000157
3581.4182459999574
3650.5133780000615
4427.3829539999715
4467.781351999962
4265.011412000051
5412.045510999975
3979.827855999989
3607.5786890000454
3470.152759999968
3683.1786539999885
3401.9681499999715
2831.083527000039
3189.106204000069
3803.472684999928
3540.486379000009
3660.598786000046
4493.299372999929
4180.488314999966
3017.6860580000794
3252.4383010000456
3380.838622999843
5196.570052000112
3718.5813319999725
4216.1326690000715
3823.59126799996
5017.314917000011
4038.8386529999552
5383.480940000038
3637.563497999916
3578.127410999965
4562.540660000057
3576.4899380001007
4583.713380999863
4067.075969000114
3631.184242999996
3920.4716529998695
3108.306654000189
3005.1078289998695
3049.725499000051
3391.463754000026
3263.1401659999974
3559.6753769998904
3412.2864160001045
4137.720216999995
3485.0786739999894
3164.543512000004
3338.2444210000103
3806.3511649998836
4549.099720000057
4063.341178999981
4429.744577000034
4317.128155999933
4186.316172000021
4195.127103000064
3274.565360999899
4035.4911450000945
4763.81364399998
3690.339819999994
4596.802933999919
4342.748937000055
4403.647395999986
4849.123392999987
3546.654959000065
5026.741307999939
4542.599913000013
3740.137719999999
4712.124866000027
3826.283495999989
4203.275341000059
4781.990819999948
4043.491328999982
6774.766388999997
4177.089203000069
4195.582827999955
4096.694967000047
4351.217515999917
4267.367483000038
4614.727561000036
4601.992940000026
3539.8705870000413
3959.167287999997
4234.147916999878
4511.574999000062
4070.856514999992
3448.7644439999713
3220.3230449999683
3659.5685010000598
4481.569109000033
4246.509400999988
4157.837549999938
3876.619116000016
4264.151155000087
4589.987255999935
4298.894560000044
3576.617046999978
3732.4378349998733
4109.3175950000295
5089.608659000136
4311.8443659999175
4256.194918000023
4183.185522999964
4562.613128999947
4758.2123690000735
3416.4328220000025
4317.694007000071
4380.315778999939
4121.574113999959
4080.9308040000033
3846.5718430000124
3615.9878749999916
3841.5731679999735
4025.538642999949
5553.86323300004
3839.227589000133
3535.358884999878
4080.852814999991
3814.046791000059
4520.9454980000155
3734.125774999964
4827.591162000084
4010.190047999844
4782.796537000104
4575.743856999907
4705.95356100006
3430.840766999987
4014.320943000028
3977.5450180000626
3805.956881999853
5213.641506000073
4300.960863000015
4149.965587000013
3690.170976000023
3830.3878200000618
3482.0806679999223
3861.5682520000264
3953.2177839999786
4216.078368999995
4445.750248999917
4030.5885730000446
4083.818006000016
3913.1864879999775
3748.0265489999438
5284.807112000068
4202.132818000042
3921.641544999904
4043.728716999991
3970.079713000101
3966.6606649998575
4006.087701000157
4207.832029999932
3967.41602600005
4062.0050760000013
4224.038822000031
4422.26500899985
4743.394226000062
3814.3962169999722
4591.910330000101
4237.464252999984
4502.64575799997
4563.534520999994
4551.798933000071
4208.570224999916
4095.4774800000014
4154.182054999983
4728.292645000038
3988.2671539998846
4563.444136000122
4462.394096000004
4751.128928999999
3644.000734000001
3283.3210970000364
4284.119670999935
4048.5132889999077
4112.630939000053
4526.767304999987
4074.331443000119
3822.715915999841
4069.096071000211
4191.763754999964
4532.371093999827
4009.858606000198
4312.595538999885
3897.750444000121
3680.747894000029
4204.211179999867
3864.6496480000205
4052.047516999999
3696.869301999919
3262.5354940001853
3007.033289999934
4272.756153999828
4272.806823000079
4353.2424929998815
4652.601889000274
4669.3123339999
4800.490467000054
4596.914212000091
3840.292877999833
3649.1809799999464
4258.024638000177
3707.910965999821
4065.0041910000145
2646.813998999991
3110.8780759999936
3457.616804999998
2836.9448930000217
2881.7419279999885
2479.2982559999946
2531.488823000007
2508.4535450000003
2595.7397119999987
2273.0754799999995
2202.1562920000033
2847.7605719999992
2798.210396999999
2621.4477389999993
3208.499563999998
3101.588941000002
2559.7495009999984
2674.471734000006
2281.8352620000005
2180.247577999995
3757.2510489999986
3962.7529540000032
2234.837679999997
2727.736920000003
2670.4894820000045
2573.386660999997
2570.324926000001
2676.078871000005
2690.4687479999993
3210.317572999993
3569.8807769999985
3468.6177039999893
2624.812106000012
3184.0297350000037
3144.4339009999967
2626.491619999986
2672.1430130000226
2434.3386039999896
2629.2071009999927
4502.707882000002
2834.1444600000104
3138.489738000004
3354.617671999993
3879.279469000001
2437.122813000009
2570.5921559999842
3687.9880310000153
2978.7126609999978
3560.1490679999697
3412.4178750000137
3453.8307680000144
3176.605230999994
2946.2502869999735
2748.0924790000136
3036.703205000027
3235.8256249999686
3188.4296990000294
4551.247413999983
3124.2506460000004
3615.557270999998
2692.840912000014
2800.481614999997
3554.2708120000025
3606.88727799998
3114.286766000034
2914.67438099999
3131.2802359999914
2556.807553999999
2617.393254000024
2428.231558999978
2845.9234350000042
3536.8234159999993
3036.085890999995
2641.140222999995
2641.4195870000112
3719.733099999983
2922.7460049999936
3161.381664000015
2685.500362999999
3167.81044500001
3288.5661409999884
2857.7975520000036
3147.4153380000207
3166.2186419999634
4157.931329000014
2696.8733950000023
3042.208459000016
3618.2959159999737
3713.437858999998
3476.8232850000495
3842.335052999959
3121.5757829999784
2663.17664400005
2813.3726339999703
2907.653468000004
3111.670161999995
3519.443156000052
3723.4907049999456
3529.9761450000224
3088.0874070000136
3009.4789340000134
3069.8680829999503
3038.0911920000217
4750.627489999984
3619.091749000014
3132.190218999982
3066.811535999994
2912.2082189999637
3153.9730660000932
3087.950484999921
3880.006458000047
3564.7368109999807
3031.2652519999538
3025.9098860000377
2734.605387000018
2841.9940949999727
2798.251869000029
3024.6922629999463
3090.7623070000554
2772.714517000015
3126.6116989999427
3029.5451410000096
3424.4339640000253
2765.9914379999973
2965.067633000028
2846.272324999969
3313.796590999991
4169.688452000031
3592.0171429999755
4070.6556459999993
3277.6416030000546
2908.1890449999482
3479.630907999992
3145.096061999968
3106.0748990000575
3288.29013400001
3439.513429999992
3197.9172979999566
2699.5299260000465
2946.031403000001
3613.313519999967
3605.182819000038
3589.07231399999
3693.816228999989
2917.505896000017
2584.51460699999
2703.5458629999775
3158.825644000026
3757.028004999971
3560.2756459999946
3239.645814999996
3119.734310000029
2732.266153000004
2683.832096999977
2560.7249020000454
2649.2160419999855
2842.3551529999822
3604.210693000001
2924.7061259999755
2905.121421000047
3490.4981659999467
3608.048670999997
2718.1678520000423
3073.1044720000355
3338.6579039999633
3529.916538999998
3726.9076840000344
3544.9312949999585
2712.8602989999927
2990.617674999987
3039.6856260000495
3108.563277999987
5950.130896000075
3700.4016149998643
3283.8825130000478
2993.447535000043
3340.798324999865
2715.297513000085
2916.540830999962
2803.821124000009
3201.1975360000506
4028.3697949999478
3315.710468000034
3725.3864319999702
4142.4032509999815
2979.2820020000217
3308.6109960001195
3784.944465999957
3019.350969999912
3246.6927140000043
3906.3153780000284
3111.147934000008
3069.105462000007
2897.711873000022
3402.254590999917
3151.8315150000853
3329.1885349999648
2946.3178080000216
2822.7293020000216
3066.7910689999117
2945.3833710000617
2959.1444970000302
2796.1910220000427
3220.5189329999266
4150.820253000013
3580.2553269999335
3232.704904000042
3624.9610450000037
2978.789745999966
3053.260769000044
3062.072478999966
3786.3135720000137
4726.869339000084
4087.4855509998742
3338.4831870000344
3586.5229269999545
2826.590474000084
2964.5969550000736
2968.321588999941
2954.9100320000434
2989.4131369999377
3069.6713460000465
2905.1055129999295
3062.3725729999132
3176.186902000103
2757.3631699999096
3827.9380810001167
3746.7170589999296
3577.8692949999822
3806.7283850001404
3320.9753839999903
3038.1027429999085
3082.303236000007
4157.022692000028
4185.154283999931
3781.077648000093
3477.444979999913
3871.6067120000953
3426.7087039999897
3157.20287599985
3464.510327000171
3579.555503999931
3565.1565110000083
2979.8185979999835
2975.9443899999605
3495.089243000024
3048.366470000008
3089.904395999969
3682.4610390000744
3285.28009200003
3435.078443999868
3778.447249000077
3212.3302319999784
2693.0032150000334
3286.1263239999535
3283.7989950000774
3199.493371999939
4816.315167999943
3485.528976000147
2859.026905999868
3170.898247000063
3099.222618
3017.1136499999557
2882.8264330000384
2761.2746909999987
2973.14812300005
3068.3935379999457
2738.3195730000734
2930.610199999879
4206.480084000039
3672.075043000048
3315.63958800002
3162.1312730000354
4046.5175199998775
3050.801824000082
3026.3455849998863
3078.676463000127
3635.515800999943
3435.3854039999424
3566.8447040000465
3609.8468240000075
4055.030969000072
3208.3072179999435
3267.1266830000095
2978.563568999991
3384.037784999935
3238.430107000051
2833.256320000044
3199.142453999957
3564.008514999994
2927.2621240000008
2929.167308000033
3400.843427999993
3980.9598289999412
3836.6849550000625
4549.85357799998
3070.4227390000597
2655.243732999894
3279.6868130000075
3239.2590630000923
3744.7689549999777
2921.618167999899
3138.29043500009
3213.6057339999825
3569.2922979999566
3076.200933999964
2805.8490050000837
3056.4316729999846
3057.740264000022
3259.5949000000255
3045.864838999929
3239.0584419999504
2693.7712570001604
3220.974040000001
3681.547416999936
3560.9635130000534
3133.494338999968
3292.2719010000583
3300.854790999787
3786.4480220001424
2970.99979599996
3026.81051199988
3368.4649610002525
2823.29111199989
3521.0443919999525
4194.374420000007
3520.8198700000066
3636.344804999884
3777.618770000059
3028.051231000107
2807.6470999999437
3356.1785110000055
3731.2552360000554
3652.6524729998782
3551.610904000001
3360.1262940000743
3406.043871999951
3894.2753479999956
3106.806118000066
3933.8949219998904
4124.37256300007
3582.2171569999773
2914.858327999944
2748.4746520002373
2910.357598999981
3234.114301999798
2702.1868490001652
3637.92976299976
3125.718516000081
3486.8209750000387
4050.245286999969
4633.97829400003
4413.112909000134
